   2.27899998E+11   0.00000000       0.00000000    
   2.06602535E+11   2.28982502E+09   0.00000000    
   2.06567703E+11   4.57970842E+09   0.00000000    
   2.06509703E+11   6.86892134E+09   0.00000000    
   2.06428471E+11   9.15735962E+09   0.00000000    
   2.06324056E+11   1.14447718E+10   0.00000000    
   2.06196474E+11   1.37308979E+10   0.00000000    
   2.06045741E+11   1.60154808E+10   0.00000000    
   2.05871874E+11   1.82982676E+10   0.00000000    
   2.05674906E+11   2.05790003E+10   0.00000000    
   2.05454852E+11   2.28574269E+10   0.00000000    
   2.05211746E+11   2.51332854E+10   0.00000000    
   2.04945637E+11   2.74063258E+10   0.00000000    
   2.04656542E+11   2.96762941E+10   0.00000000    
   2.04344558E+11   3.19429448E+10   0.00000000    
   2.04009636E+11   3.42060093E+10   0.00000000    
   2.03651891E+11   3.64652503E+10   0.00000000    
   2.03271307E+11   3.87206390E+10   0.00000000    
   2.02868031E+11   4.09714770E+10   0.00000000    
   2.02442097E+11   4.32177439E+10   0.00000000    
   2.01993519E+11   4.54591652E+10   0.00000000    
   2.01522397E+11   4.76955238E+10   0.00000000    
   2.01028813E+11   4.99265659E+10   0.00000000    
   2.00512799E+11   5.21520210E+10   0.00000000    
   1.99974437E+11   5.43716844E+10   0.00000000    
   1.99413809E+11   5.65852897E+10   0.00000000    
   1.98830981E+11   5.87925996E+10   0.00000000    
   1.98226051E+11   6.09933599E+10   0.00000000    
   1.97599117E+11   6.31873495E+10   0.00000000    
   1.96950245E+11   6.53743432E+10   0.00000000    
   1.96279534E+11   6.75540787E+10   0.00000000    
   1.95587047E+11   6.97263309E+10   0.00000000    
   1.94872951E+11   7.18908539E+10   0.00000000    
   1.94137293E+11   7.40474388E+10   0.00000000    
   1.93380188E+11   7.61958482E+10   0.00000000    
   1.92601719E+11   7.83358362E+10   0.00000000    
   1.91802049E+11   8.04671980E+10   0.00000000    
   1.90981226E+11   8.25896960E+10   0.00000000    
   1.90139417E+11   8.47031009E+10   0.00000000    
   1.89276717E+11   8.68072161E+10   0.00000000    
   1.88393226E+11   8.89017876E+10   0.00000000    
   1.87489141E+11   9.09866271E+10   0.00000000    
   1.86564461E+11   9.30614886E+10   0.00000000    
   1.85619382E+11   9.51261757E+10   0.00000000    
   1.84654070E+11   9.71805000E+10   0.00000000    
   1.83668572E+11   9.92241992E+10   0.00000000    
   1.82663102E+11   1.01257085E+11   0.00000000    
   1.81637743E+11   1.03278969E+11   0.00000000    
   1.80592673E+11   1.05289622E+11   0.00000000    
   1.79528008E+11   1.07288887E+11   0.00000000    
   1.78443862E+11   1.09276496E+11   0.00000000    
   1.77340449E+11   1.11252308E+11   0.00000000    
   1.76217866E+11   1.13216070E+11   0.00000000    
   1.75076311E+11   1.15167650E+11   0.00000000    
   1.73915849E+11   1.17106819E+11   0.00000000    
   1.72736741E+11   1.19033405E+11   0.00000000    
   1.71539055E+11   1.20947212E+11   0.00000000    
   1.70323018E+11   1.22848043E+11   0.00000000    
   1.69088729E+11   1.24735734E+11   0.00000000    
   1.67836369E+11   1.26610080E+11   0.00000000    
   1.66566134E+11   1.28470958E+11   0.00000000    
   1.65278171E+11   1.30318156E+11   0.00000000    
   1.63972628E+11   1.32151476E+11   0.00000000    
   1.62649686E+11   1.33970797E+11   0.00000000    
   1.61309540E+11   1.35775928E+11   0.00000000    
   1.59952306E+11   1.37566667E+11   0.00000000    
   1.58578213E+11   1.39342938E+11   0.00000000    
   1.57187408E+11   1.41104529E+11   0.00000000    
   1.55780071E+11   1.42851260E+11   0.00000000    
   1.54356384E+11   1.44583016E+11   0.00000000    
   1.52916541E+11   1.46299601E+11   0.00000000    
   1.51460708E+11   1.48000899E+11   0.00000000    
   1.49989048E+11   1.49686796E+11   0.00000000    
   1.48501791E+11   1.51357047E+11   0.00000000    
   1.46999099E+11   1.53011585E+11   0.00000000    
   1.45481138E+11   1.54650247E+11   0.00000000    
   1.43948136E+11   1.56272902E+11   0.00000000    
   1.42400242E+11   1.57879419E+11   0.00000000    
   1.40837700E+11   1.59469650E+11   0.00000000    
   1.39260641E+11   1.61043448E+11   0.00000000    
   1.37669263E+11   1.62600747E+11   0.00000000    
   1.36063812E+11   1.64141384E+11   0.00000000    
   1.34444417E+11   1.65665227E+11   0.00000000    
   1.32811309E+11   1.67172162E+11   0.00000000    
   1.31164717E+11   1.68662057E+11   0.00000000    
   1.29504764E+11   1.70134831E+11   0.00000000    
   1.27831843E+11   1.71590222E+11   0.00000000    
   1.26145831E+11   1.73028426E+11   0.00000000    
   1.24447089E+11   1.74449132E+11   0.00000000    
   1.22735829E+11   1.75852274E+11   0.00000000    
   1.21012224E+11   1.77237737E+11   0.00000000    
   1.19276470E+11   1.78605457E+11   0.00000000    
   1.17528805E+11   1.79955286E+11   0.00000000    
   1.15769393E+11   1.81287174E+11   0.00000000    
   1.13998496E+11   1.82600991E+11   0.00000000    
   1.12216220E+11   1.83896687E+11   0.00000000    
   1.10422835E+11   1.85174163E+11   0.00000000    
   1.08618531E+11   1.86433323E+11   0.00000000    
   1.06803544E+11   1.87674051E+11   0.00000000    
   1.04978014E+11   1.88896346E+11   0.00000000    
   1.03142162E+11   1.90100079E+11   0.00000000    
   1.01296234E+11   1.91285215E+11   0.00000000    
   9.94404188E+10   1.92451625E+11   0.00000000    
   9.75748874E+10   1.93599291E+11   0.00000000    
   9.56998615E+10   1.94728149E+11   0.00000000    
   9.38155622E+10   1.95838099E+11   0.00000000    
   9.19222026E+10   1.96929077E+11   0.00000000    
   9.00199547E+10   1.98001050E+11   0.00000000    
   8.81090232E+10   1.99053967E+11   0.00000000    
   8.61896049E+10   2.00087749E+11   0.00000000    
   8.42619372E+10   2.01102377E+11   0.00000000    
   8.23262331E+10   2.02097754E+11   0.00000000    
   8.03827384E+10   2.03073864E+11   0.00000000    
   7.84315187E+10   2.04030657E+11   0.00000000    
   7.64728607E+10   2.04968116E+11   0.00000000    
   7.45069527E+10   2.05886145E+11   0.00000000    
   7.25340652E+10   2.06784725E+11   0.00000000    
   7.05543373E+10   2.07663858E+11   0.00000000    
   6.85679616E+10   2.08523493E+11   0.00000000    
   6.65751306E+10   2.09363567E+11   0.00000000    
   6.45761311E+10   2.10184094E+11   0.00000000    
   6.25710572E+10   2.10985009E+11   0.00000000    
   6.05602324E+10   2.11766313E+11   0.00000000    
   5.85437389E+10   2.12527989E+11   0.00000000    
   5.65218632E+10   2.13269987E+11   0.00000000    
   5.44947651E+10   2.13992342E+11   0.00000000    
   5.24626452E+10   2.14694953E+11   0.00000000    
   5.04257249E+10   2.15377904E+11   0.00000000    
   4.83841843E+10   2.16041079E+11   0.00000000    
   4.63381914E+10   2.16684544E+11   0.00000000    
   4.42879877E+10   2.17308316E+11   0.00000000    
   4.22337987E+10   2.17912312E+11   0.00000000    
   4.01757716E+10   2.18496565E+11   0.00000000    
   3.81140746E+10   2.19061043E+11   0.00000000    
   3.60489984E+10   2.19605811E+11   0.00000000    
   3.39806249E+10   2.20130820E+11   0.00000000    
   3.19092347E+10   2.20636103E+11   0.00000000    
   2.98352026E+10   2.21121593E+11   0.00000000    
   2.77582868E+10   2.21587390E+11   0.00000000    
   2.56788951E+10   2.22033510E+11   0.00000000    
   2.35971953E+10   2.22459904E+11   0.00000000    
   2.15134044E+10   2.22866604E+11   0.00000000    
   1.94277765E+10   2.23253610E+11   0.00000000    
   1.73403996E+10   2.23620989E+11   0.00000000    
   1.52514949E+10   2.23968723E+11   0.00000000    
   1.31612805E+10   2.24296845E+11   0.00000000    
   1.10698977E+10   2.24605323E+11   0.00000000    
   8.97751450E+09   2.24894304E+11   0.00000000    
   6.88440218E+09   2.25163690E+11   0.00000000    
   4.79072410E+09   2.25413530E+11   0.00000000    
   2.69656704E+09   2.25643921E+11   0.00000000    
   602227520.       2.25854849E+11   0.00000000    
  -1.49221197E+09   2.26046345E+11   0.00000000    
  -3.58648115E+09   2.26218443E+11   0.00000000    
  -5.68047258E+09   2.26371174E+11   0.00000000    
  -7.77397094E+09   2.26504622E+11   0.00000000    
  -9.86678989E+09   2.26618769E+11   0.00000000    
  -1.19587953E+10   2.26713682E+11   0.00000000    
  -1.40497469E+10   2.26789360E+11   0.00000000    
  -1.61395712E+10   2.26845917E+11   0.00000000    
  -1.82278349E+10   2.26883338E+11   0.00000000    
  -2.03148472E+10   2.26901688E+11   0.00000000    
  -2.24000963E+10   2.26901049E+11   0.00000000    
  -2.44834591E+10   2.26881454E+11   0.00000000    
  -2.65647473E+10   2.26842886E+11   0.00000000    
  -2.86438420E+10   2.26785493E+11   0.00000000    
  -3.07204751E+10   2.26709258E+11   0.00000000    
  -3.27945544E+10   2.26614280E+11   0.00000000    
  -3.48658688E+10   2.26500575E+11   0.00000000    
  -3.69346273E+10   2.26368225E+11   0.00000000    
  -3.90001664E+10   2.26217296E+11   0.00000000    
  -4.10625188E+10   2.26047803E+11   0.00000000    
  -4.31214920E+10   2.25859879E+11   0.00000000    
  -4.51769590E+10   2.25653522E+11   0.00000000    
  -4.72287887E+10   2.25428832E+11   0.00000000    
  -4.92767601E+10   2.25185841E+11   0.00000000    
  -5.13207706E+10   2.24924631E+11   0.00000000    
  -5.33606236E+10   2.24645284E+11   0.00000000    
  -5.53961718E+10   2.24347849E+11   0.00000000    
  -5.74273004E+10   2.24032391E+11   0.00000000    
  -5.94537718E+10   2.23699010E+11   0.00000000    
  -6.14755656E+10   2.23347704E+11   0.00000000    
  -6.34924155E+10   2.22978621E+11   0.00000000    
  -6.55042191E+10   2.22591812E+11   0.00000000    
  -6.75108291E+10   2.22187340E+11   0.00000000    
  -6.95121101E+10   2.21765272E+11   0.00000000    
  -7.15079107E+10   2.21325705E+11   0.00000000    
  -7.34980669E+10   2.20868706E+11   0.00000000    
  -7.54824643E+10   2.20394357E+11   0.00000000    
  -7.74609306E+10   2.19902722E+11   0.00000000    
  -7.94333184E+10   2.19393917E+11   0.00000000    
  -8.13993001E+10   2.18868040E+11   0.00000000    
  -8.33591951E+10   2.18325058E+11   0.00000000    
  -8.53125857E+10   2.17765151E+11   0.00000000    
  -8.72593654E+10   2.17188368E+11   0.00000000    
  -8.91993866E+10   2.16594809E+11   0.00000000    
  -9.11325757E+10   2.15984521E+11   0.00000000    
  -9.30587197E+10   2.15357637E+11   0.00000000    
  -9.49776876E+10   2.14714253E+11   0.00000000    
  -9.68894300E+10   2.14054388E+11   0.00000000    
  -9.87937423E+10   2.13378204E+11   0.00000000    
  -1.00690543E+11   2.12685734E+11   0.00000000    
  -1.02579724E+11   2.11977060E+11   0.00000000    
  -1.04461099E+11   2.11252347E+11   0.00000000    
  -1.06334519E+11   2.10511626E+11   0.00000000    
  -1.08199952E+11   2.09755013E+11   0.00000000    
  -1.10057202E+11   2.08982589E+11   0.00000000    
  -1.11906226E+11   2.08194404E+11   0.00000000    
  -1.13746797E+11   2.07390638E+11   0.00000000    
  -1.15578872E+11   2.06571323E+11   0.00000000    
  -1.17402321E+11   2.05736591E+11   0.00000000    
  -1.19216947E+11   2.04886524E+11   0.00000000    
  -1.21022775E+11   2.04021187E+11   0.00000000    
  -1.22819609E+11   2.03140710E+11   0.00000000    
  -1.24607341E+11   2.02245194E+11   0.00000000    
  -1.26385873E+11   2.01334718E+11   0.00000000    
  -1.28155034E+11   2.00409416E+11   0.00000000    
  -1.29914782E+11   1.99469351E+11   0.00000000    
  -1.31665002E+11   1.98514606E+11   0.00000000    
  -1.33405565E+11   1.97545329E+11   0.00000000    
  -1.35136436E+11   1.96561551E+11   0.00000000    
  -1.36857297E+11   1.95563487E+11   0.00000000    
  -1.38568385E+11   1.94551087E+11   0.00000000    
  -1.40269191E+11   1.93524630E+11   0.00000000    
  -1.41960004E+11   1.92484049E+11   0.00000000    
  -1.43640445E+11   1.91429542E+11   0.00000000    
  -1.45310482E+11   1.90361240E+11   0.00000000    
  -1.46970067E+11   1.89279175E+11   0.00000000    
  -1.48619018E+11   1.88183511E+11   0.00000000    
  -1.50257320E+11   1.87074281E+11   0.00000000    
  -1.51884890E+11   1.85951617E+11   0.00000000    
  -1.53501516E+11   1.84815682E+11   0.00000000    
  -1.55107213E+11   1.83666508E+11   0.00000000    
  -1.56701819E+11   1.82504292E+11   0.00000000    
  -1.58285283E+11   1.81329002E+11   0.00000000    
  -1.59857525E+11   1.80140851E+11   0.00000000    
  -1.61418346E+11   1.78939970E+11   0.00000000    
  -1.62967847E+11   1.77726325E+11   0.00000000    
  -1.64505731E+11   1.76500228E+11   0.00000000    
  -1.66032065E+11   1.75261598E+11   0.00000000    
  -1.67546667E+11   1.74010647E+11   0.00000000    
  -1.69049522E+11   1.72747473E+11   0.00000000    
  -1.70540712E+11   1.71472011E+11   0.00000000    
  -1.72019597E+11   1.70184819E+11   0.00000000    
  -1.73486752E+11   1.68885436E+11   0.00000000    
  -1.74941651E+11   1.67574422E+11   0.00000000    
  -1.76384328E+11   1.66251708E+11   0.00000000    
  -1.77814716E+11   1.64917477E+11   0.00000000    
  -1.79232850E+11   1.63571712E+11   0.00000000    
  -1.80638482E+11   1.62214642E+11   0.00000000    
  -1.82031614E+11   1.60846332E+11   0.00000000    
  -1.83412146E+11   1.59466897E+11   0.00000000    
  -1.84779997E+11   1.58076469E+11   0.00000000    
  -1.86135134E+11   1.56675162E+11   0.00000000    
  -1.87477475E+11   1.55263042E+11   0.00000000    
  -1.88806955E+11   1.53840239E+11   0.00000000    
  -1.90123442E+11   1.52406917E+11   0.00000000    
  -1.91426937E+11   1.50963143E+11   0.00000000    
  -1.92717341E+11   1.49509030E+11   0.00000000    
  -1.93994572E+11   1.48044710E+11   0.00000000    
  -1.95258532E+11   1.46570314E+11   0.00000000    
  -1.96509237E+11   1.45085956E+11   0.00000000    
  -1.97746606E+11   1.43591653E+11   0.00000000    
  -1.98970507E+11   1.42087668E+11   0.00000000    
  -2.00180941E+11   1.40574015E+11   0.00000000    
  -2.01377792E+11   1.39050877E+11   0.00000000    
  -2.02561044E+11   1.37518318E+11   0.00000000    
  -2.03730649E+11   1.35976452E+11   0.00000000    
  -2.04886475E+11   1.34425436E+11   0.00000000    
  -2.06028505E+11   1.32865376E+11   0.00000000    
  -2.07156675E+11   1.31296403E+11   0.00000000    
  -2.08270950E+11   1.29718542E+11   0.00000000    
  -2.09371218E+11   1.28132055E+11   0.00000000    
  -2.10457494E+11   1.26536892E+11   0.00000000    
  -2.11529646E+11   1.24933366E+11   0.00000000    
  -2.12587708E+11   1.23321426E+11   0.00000000    
  -2.13631566E+11   1.21701229E+11   0.00000000    
  -2.14661169E+11   1.20072978E+11   0.00000000    
  -2.15676486E+11   1.18436700E+11   0.00000000    
  -2.16677417E+11   1.16792590E+11   0.00000000    
  -2.17663980E+11   1.15140690E+11   0.00000000    
  -2.18636108E+11   1.13481073E+11   0.00000000    
  -2.19593736E+11   1.11813984E+11   0.00000000    
  -2.20536816E+11   1.10139523E+11   0.00000000    
  -2.21465297E+11   1.08457771E+11   0.00000000    
  -2.22379131E+11   1.06768843E+11   0.00000000    
  -2.23278334E+11   1.05072812E+11   0.00000000    
  -2.24162759E+11   1.03369900E+11   0.00000000    
  -2.25032421E+11   1.01660197E+11   0.00000000    
  -2.25887289E+11   9.99437844E+10   0.00000000    
  -2.26727281E+11   9.82208102E+10   0.00000000    
  -2.27552395E+11   9.64913562E+10   0.00000000    
  -2.28362617E+11   9.47555287E+10   0.00000000    
  -2.29157798E+11   9.30135982E+10   0.00000000    
  -2.29937988E+11   9.12654991E+10   0.00000000    
  -2.30703170E+11   8.95113953E+10   0.00000000    
  -2.31453213E+11   8.77515571E+10   0.00000000    
  -2.32188133E+11   8.59858698E+10   0.00000000    
  -2.32907915E+11   8.42145792E+10   0.00000000    
  -2.33612493E+11   8.24378900E+10   0.00000000    
  -2.34301817E+11   8.06557696E+10   0.00000000    
  -2.34975953E+11   7.88683653E+10   0.00000000    
  -2.35634754E+11   7.70758083E+10   0.00000000    
  -2.36278202E+11   7.52783606E+10   0.00000000    
  -2.36906316E+11   7.34759485E+10   0.00000000    
  -2.37519061E+11   7.16687524E+10   0.00000000    
  -2.38116405E+11   6.98568704E+10   0.00000000    
  -2.38698250E+11   6.80405484E+10   0.00000000    
  -2.39264694E+11   6.62197084E+10   0.00000000    
  -2.39815590E+11   6.43946701E+10   0.00000000    
  -2.40350986E+11   6.25653924E+10   0.00000000    
  -2.40870801E+11   6.07321948E+10   0.00000000    
  -2.41375085E+11   5.88949914E+10   0.00000000    
  -2.41863770E+11   5.70539295E+10   0.00000000    
  -2.42336793E+11   5.52092549E+10   0.00000000    
  -2.42794217E+11   5.33609513E+10   0.00000000    
  -2.43235963E+11   5.15092685E+10   0.00000000    
  -2.43662045E+11   4.96542433E+10   0.00000000    
  -2.44072415E+11   4.77960110E+10   0.00000000    
  -2.44467040E+11   4.59347149E+10   0.00000000    
  -2.44845953E+11   4.40704451E+10   0.00000000    
  -2.45209072E+11   4.22033981E+10   0.00000000    
  -2.45556429E+11   4.03335496E+10   0.00000000    
  -2.45888008E+11   3.84611492E+10   0.00000000    
  -2.46203777E+11   3.65862953E+10   0.00000000    
  -2.46503686E+11   3.47092419E+10   0.00000000    
  -2.46787801E+11   3.28297841E+10   0.00000000    
  -2.47056073E+11   3.09481738E+10   0.00000000    
  -2.47308468E+11   2.90646241E+10   0.00000000    
  -2.47545004E+11   2.71792189E+10   0.00000000    
  -2.47765647E+11   2.52920381E+10   0.00000000    
  -2.47970365E+11   2.34032865E+10   0.00000000    
  -2.48159224E+11   2.15129354E+10   0.00000000    
  -2.48332190E+11   1.96212429E+10   0.00000000    
  -2.48489181E+11   1.77283523E+10   0.00000000    
  -2.48630280E+11   1.58342953E+10   0.00000000    
  -2.48755421E+11   1.39391488E+10   0.00000000    
  -2.48864621E+11   1.20431217E+10   0.00000000    
  -2.48957895E+11   1.01464166E+10   0.00000000    
  -2.49035211E+11   8.24899942E+09   0.00000000    
  -2.49096569E+11   6.35107430E+09   0.00000000    
  -2.49141969E+11   4.45272525E+09   0.00000000    
  -2.49171427E+11   2.55391923E+09   0.00000000    
  -2.49184911E+11   655275520.       0.00000000    
  -2.49182437E+11  -1.24335872E+09   0.00000000    
  -2.49164005E+11  -3.14201728E+09   0.00000000    
  -2.49129615E+11  -5.04085299E+09   0.00000000    
  -2.49079251E+11  -6.93906739E+09   0.00000000    
  -2.49012961E+11  -8.83687424E+09   0.00000000    
  -2.48930697E+11  -1.07340073E+10   0.00000000    
  -2.48832492E+11  -1.26305628E+10   0.00000000    
  -2.48718328E+11  -1.45263360E+10   0.00000000    
  -2.48588272E+11  -1.64210637E+10   0.00000000    
  -2.48442257E+11  -1.83148401E+10   0.00000000    
  -2.48280302E+11  -2.02074030E+10   0.00000000    
  -2.48102453E+11  -2.20986634E+10   0.00000000    
  -2.47908680E+11  -2.39884780E+10   0.00000000    
  -2.47698981E+11  -2.58768241E+10   0.00000000    
  -2.47473439E+11  -2.77634396E+10   0.00000000    
  -2.47232004E+11  -2.96482959E+10   0.00000000    
  -2.46974710E+11  -3.15310715E+10   0.00000000    
  -2.46701523E+11  -3.34119772E+10   0.00000000    
  -2.46412509E+11  -3.52907510E+10   0.00000000    
  -2.46107685E+11  -3.71672556E+10   0.00000000    
  -2.45787001E+11  -3.90414541E+10   0.00000000    
  -2.45450539E+11  -4.09130312E+10   0.00000000    
  -2.45098250E+11  -4.27820728E+10   0.00000000    
  -2.44730249E+11  -4.46482719E+10   0.00000000    
  -2.44346487E+11  -4.65115914E+10   0.00000000    
  -2.43946979E+11  -4.83719455E+10   0.00000000    
  -2.43531743E+11  -5.02292562E+10   0.00000000    
  -2.43100811E+11  -5.20832532E+10   0.00000000    
  -2.42654200E+11  -5.39339203E+10   0.00000000    
  -2.42191958E+11  -5.57810565E+10   0.00000000    
  -2.41714070E+11  -5.76246211E+10   0.00000000    
  -2.41220551E+11  -5.94644787E+10   0.00000000    
  -2.40711467E+11  -6.13004329E+10   0.00000000    
  -2.40186802E+11  -6.31325041E+10   0.00000000    
  -2.39646589E+11  -6.49604424E+10   0.00000000    
  -2.39090876E+11  -6.67842232E+10   0.00000000    
  -2.38519681E+11  -6.86036296E+10   0.00000000    
  -2.37932986E+11  -7.04186532E+10   0.00000000    
  -2.37330907E+11  -7.22290196E+10   0.00000000    
  -2.36713394E+11  -7.40347740E+10   0.00000000    
  -2.36080513E+11  -7.58356460E+10   0.00000000    
  -2.35432296E+11  -7.76316764E+10   0.00000000    
  -2.34768761E+11  -7.94225951E+10   0.00000000    
  -2.34089939E+11  -8.12083855E+10   0.00000000    
  -2.33395847E+11  -8.29888348E+10   0.00000000    
  -2.32686567E+11  -8.47638774E+10   0.00000000    
  -2.31962083E+11  -8.65334641E+10   0.00000000    
  -2.31222477E+11  -8.82973082E+10   0.00000000    
  -2.30467748E+11  -9.00554179E+10   0.00000000    
  -2.29697929E+11  -9.18076457E+10   0.00000000    
  -2.28913070E+11  -9.35538606E+10   0.00000000    
  -2.28113220E+11  -9.52939233E+10   0.00000000    
  -2.27298410E+11  -9.70277601E+10   0.00000000    
  -2.26468708E+11  -9.87552072E+10   0.00000000    
  -2.25624064E+11  -1.00476191E+11   0.00000000    
  -2.24764625E+11  -1.02190506E+11   0.00000000    
  -2.23890358E+11  -1.03898178E+11   0.00000000    
  -2.23001362E+11  -1.05598919E+11   0.00000000    
  -2.22097605E+11  -1.07292787E+11   0.00000000    
  -2.21179232E+11  -1.08979495E+11   0.00000000    
  -2.20246229E+11  -1.10659011E+11   0.00000000    
  -2.19298628E+11  -1.12331227E+11   0.00000000    
  -2.18336526E+11  -1.13995973E+11   0.00000000    
  -2.17359942E+11  -1.15653157E+11   0.00000000    
  -2.16368923E+11  -1.17302690E+11   0.00000000    
  -2.15363518E+11  -1.18944383E+11   0.00000000    
  -2.14343729E+11  -1.20578261E+11   0.00000000    
  -2.13309719E+11  -1.22204013E+11   0.00000000    
  -2.12261487E+11  -1.23821621E+11   0.00000000    
  -2.11199050E+11  -1.25430989E+11   0.00000000    
  -2.10122523E+11  -1.27031927E+11   0.00000000    
  -2.09031905E+11  -1.28624411E+11   0.00000000    
  -2.07927263E+11  -1.30208293E+11   0.00000000    
  -2.06808695E+11  -1.31783344E+11   0.00000000    
  -2.05676200E+11  -1.33349622E+11   0.00000000    
  -2.04529910E+11  -1.34906839E+11   0.00000000    
  -2.03369759E+11  -1.36455119E+11   0.00000000    
  -2.02195960E+11  -1.37994076E+11   0.00000000    
  -2.01008497E+11  -1.39523719E+11   0.00000000    
  -1.99807451E+11  -1.41043909E+11   0.00000000    
  -1.98592807E+11  -1.42554612E+11   0.00000000    
  -1.97364744E+11  -1.44055599E+11   0.00000000    
  -1.96123230E+11  -1.45546822E+11   0.00000000    
  -1.94868445E+11  -1.47028066E+11   0.00000000    
  -1.93600324E+11  -1.48499382E+11   0.00000000    
  -1.92318980E+11  -1.49960589E+11   0.00000000    
  -1.91024529E+11  -1.51411491E+11   0.00000000    
  -1.89717037E+11  -1.52851988E+11   0.00000000    
  -1.88396519E+11  -1.54282082E+11   0.00000000    
  -1.87063026E+11  -1.55701608E+11   0.00000000    
  -1.85716720E+11  -1.57110387E+11   0.00000000    
  -1.84357601E+11  -1.58508368E+11   0.00000000    
  -1.82985818E+11  -1.59895405E+11   0.00000000    
  -1.81601370E+11  -1.61271398E+11   0.00000000    
  -1.80204356E+11  -1.62636235E+11   0.00000000    
  -1.78794889E+11  -1.63989799E+11   0.00000000    
  -1.77372955E+11  -1.65332009E+11   0.00000000    
  -1.75938568E+11  -1.66662865E+11   0.00000000    
  -1.74492238E+11  -1.67981793E+11   0.00000000    
  -1.73033406E+11  -1.69289335E+11   0.00000000    
  -1.71562844E+11  -1.70584752E+11   0.00000000    
  -1.70079961E+11  -1.71868488E+11   0.00000000    
  -1.68585265E+11  -1.73140066E+11   0.00000000    
  -1.67078773E+11  -1.74399455E+11   0.00000000    
  -1.65560549E+11  -1.75646573E+11   0.00000000    
  -1.64030628E+11  -1.76881336E+11   0.00000000    
  -1.62489106E+11  -1.78103615E+11   0.00000000    
  -1.60936100E+11  -1.79313312E+11   0.00000000    
  -1.59371657E+11  -1.80510343E+11   0.00000000    
  -1.57796008E+11  -1.81694431E+11   0.00000000    
  -1.56209021E+11  -1.82865707E+11   0.00000000    
  -1.54611040E+11  -1.84023859E+11   0.00000000    
  -1.53001804E+11  -1.85169052E+11   0.00000000    
  -1.51381885E+11  -1.86300826E+11   0.00000000    
  -1.49751071E+11  -1.87419263E+11   0.00000000    
  -1.48109328E+11  -1.88524397E+11   0.00000000    
  -1.46457035E+11  -1.89615866E+11   0.00000000    
  -1.44794223E+11  -1.90693671E+11   0.00000000    
  -1.43120925E+11  -1.91757730E+11   0.00000000    
  -1.41437338E+11  -1.92807879E+11   0.00000000    
  -1.39743396E+11  -1.93844134E+11   0.00000000    
  -1.38039394E+11  -1.94866233E+11   0.00000000    
  -1.36325292E+11  -1.95874193E+11   0.00000000    
  -1.34601294E+11  -1.96867867E+11   0.00000000    
  -1.32867408E+11  -1.97847138E+11   0.00000000    
  -1.31123888E+11  -1.98811910E+11   0.00000000    
  -1.29370538E+11  -1.99762182E+11   0.00000000    
  -1.27607906E+11  -2.00697676E+11   0.00000000    
  -1.25835805E+11  -2.01618407E+11   0.00000000    
  -1.24054471E+11  -2.02524230E+11   0.00000000    
  -1.22263831E+11  -2.03415126E+11   0.00000000    
  -1.20464212E+11  -2.04290933E+11   0.00000000    
  -1.18655648E+11  -2.05151535E+11   0.00000000    
  -1.16838187E+11  -2.05996917E+11   0.00000000    
  -1.15011936E+11  -2.06826914E+11   0.00000000    
  -1.13177256E+11  -2.07641412E+11   0.00000000    
  -1.11334072E+11  -2.08440345E+11   0.00000000    
  -1.09482312E+11  -2.09223713E+11   0.00000000    
  -1.07622646E+11  -2.09991205E+11   0.00000000    
  -1.05754665E+11  -2.10742936E+11   0.00000000    
  -1.03878656E+11  -2.11478757E+11   0.00000000    
  -1.01994832E+11  -2.12198506E+11   0.00000000    
  -1.00103348E+11  -2.12902134E+11   0.00000000    
  -9.82041395E+10  -2.13589590E+11   0.00000000    
  -9.62974515E+10  -2.14260728E+11   0.00000000    
  -9.43834481E+10  -2.14915514E+11   0.00000000    
  -9.24622520E+10  -2.15553786E+11   0.00000000    
  -9.05338143E+10  -2.16175575E+11   0.00000000    
  -8.85984952E+10  -2.16780669E+11   0.00000000    
  -8.66563359E+10  -2.17369035E+11   0.00000000    
  -8.47077048E+10  -2.17940541E+11   0.00000000    
  -8.27519058E+10  -2.18495336E+11   0.00000000    
  -8.07904707E+10  -2.19032912E+11   0.00000000    
  -7.88221542E+10  -2.19553579E+11   0.00000000    
  -7.68477839E+10  -2.20057092E+11   0.00000000    
  -7.48675072E+10  -2.20543369E+11   0.00000000    
  -7.28813568E+10  -2.21012345E+11   0.00000000    
  -7.08892836E+10  -2.21463953E+11   0.00000000    
  -6.88917873E+10  -2.21898097E+11   0.00000000    
  -6.68887941E+10  -2.22314725E+11   0.00000000    
  -6.48805786E+10  -2.22713725E+11   0.00000000    
  -6.28671980E+10  -2.23095030E+11   0.00000000    
  -6.08488161E+10  -2.23458607E+11   0.00000000    
  -5.88254822E+10  -2.23804359E+11   0.00000000    
  -5.67974871E+10  -2.24132202E+11   0.00000000    
  -5.47649823E+10  -2.24442089E+11   0.00000000    
  -5.27280292E+10  -2.24733905E+11   0.00000000    
  -5.06867999E+10  -2.25007649E+11   0.00000000    
  -4.86415729E+10  -2.25263206E+11   0.00000000    
  -4.65924096E+10  -2.25500529E+11   0.00000000    
  -4.45393674E+10  -2.25719550E+11   0.00000000    
  -4.24827290E+10  -2.25920205E+11   0.00000000    
  -4.04226744E+10  -2.26102411E+11   0.00000000    
  -3.83593677E+10  -2.26266120E+11   0.00000000    
  -3.62925588E+10  -2.26411332E+11   0.00000000    
  -3.42231757E+10  -2.26537865E+11   0.00000000    
  -3.21508557E+10  -2.26645754E+11   0.00000000    
  -3.00759941E+10  -2.26734932E+11   0.00000000    
  -2.79985500E+10  -2.26805318E+11   0.00000000    
  -2.59187036E+10  -2.26856894E+11   0.00000000    
  -2.38367437E+10  -2.26889548E+11   0.00000000    
  -2.17528484E+10  -2.26903294E+11   0.00000000    
  -1.96668744E+10  -2.26898051E+11   0.00000000    
  -1.75793357E+10  -2.26873770E+11   0.00000000    
  -1.54906255E+10  -2.26830402E+11   0.00000000    
  -1.34004961E+10  -2.26767913E+11   0.00000000    
  -1.13091308E+10  -2.26686222E+11   0.00000000    
  -9.21682637E+09  -2.26585362E+11   0.00000000    
  -7.12365926E+09  -2.26465235E+11   0.00000000    
  -5.03003085E+09  -2.26325807E+11   0.00000000    
  -2.93591501E+09  -2.26167063E+11   0.00000000    
  -841606208.      -2.25988952E+11   0.00000000    
   1.25281395E+09  -2.25791410E+11   0.00000000    
   3.34726349E+09  -2.25574420E+11   0.00000000    
   5.44122931E+09  -2.25337999E+11   0.00000000    
   7.53484390E+09  -2.25082049E+11   0.00000000    
   9.62780774E+09  -2.24806584E+11   0.00000000    
   1.17199288E+10  -2.24511574E+11   0.00000000    
   1.38109082E+10  -2.24196985E+11   0.00000000    
   1.59007672E+10  -2.23862768E+11   0.00000000    
   1.79893084E+10  -2.23508922E+11   0.00000000    
   2.00761283E+10  -2.23135449E+11   0.00000000    
   2.21613486E+10  -2.22742266E+11   0.00000000    
   2.42444636E+10  -2.22329471E+11   0.00000000    
   2.63254794E+10  -2.21896950E+11   0.00000000    
   2.84041011E+10  -2.21444751E+11   0.00000000    
   3.04803348E+10  -2.20972761E+11   0.00000000    
   3.25534700E+10  -2.20481159E+11   0.00000000    
   3.46242417E+10  -2.19969651E+11   0.00000000    
   3.66913126E+10  -2.19438580E+11   0.00000000    
   3.87555164E+10  -2.18887635E+11   0.00000000    
   4.08160420E+10  -2.18317013E+11   0.00000000    
   4.28728934E+10  -2.17726632E+11   0.00000000    
   4.49259684E+10  -2.17116459E+11   0.00000000    
   4.69749760E+10  -2.16486543E+11   0.00000000    
   4.90196091E+10  -2.15836934E+11   0.00000000    
   5.10596669E+10  -2.15167615E+11   0.00000000    
   5.30951537E+10  -2.14478553E+11   0.00000000    
   5.51257702E+10  -2.13769798E+11   0.00000000    
   5.71513160E+10  -2.13041299E+11   0.00000000    
   5.91715901E+10  -2.12293190E+11   0.00000000    
   6.11863839E+10  -2.11525353E+11   0.00000000    
   6.31954145E+10  -2.10737988E+11   0.00000000    
   6.51986698E+10  -2.09930928E+11   0.00000000    
   6.71958508E+10  -2.09104290E+11   0.00000000    
   6.91866583E+10  -2.08258138E+11   0.00000000    
   7.11709000E+10  -2.07392489E+11   0.00000000    
   7.31486618E+10  -2.06507229E+11   0.00000000    
   7.51194522E+10  -2.05602570E+11   0.00000000    
   7.70830582E+10  -2.04678496E+11   0.00000000    
   7.90394962E+10  -2.03734991E+11   0.00000000    
   8.09882665E+10  -2.02772218E+11   0.00000000    
   8.29294510E+10  -2.01790063E+11   0.00000000    
   8.48626729E+10  -2.00788705E+11   0.00000000    
   8.67878175E+10  -1.99768097E+11   0.00000000    
   8.87046799E+10  -1.98728286E+11   0.00000000    
   9.06129080E+10  -1.97669470E+11   0.00000000    
   9.25124362E+10  -1.96591534E+11   0.00000000    
   9.44031089E+10  -1.95494609E+11   0.00000000    
   9.62845327E+10  -1.94378760E+11   0.00000000    
   9.81566915E+10  -1.93244021E+11   0.00000000    
   1.00019208E+11  -1.92090538E+11   0.00000000    
   1.01871968E+11  -1.90918279E+11   0.00000000    
   1.03714882E+11  -1.89727310E+11   0.00000000    
   1.05547555E+11  -1.88517745E+11   0.00000000    
   1.07369808E+11  -1.87289715E+11   0.00000000    
   1.09181534E+11  -1.86043204E+11   0.00000000    
   1.10982447E+11  -1.84778326E+11   0.00000000    
   1.12772448E+11  -1.83495131E+11   0.00000000    
   1.14551161E+11  -1.82193816E+11   0.00000000    
   1.16318585E+11  -1.80874330E+11   0.00000000    
   1.18074343E+11  -1.79536839E+11   0.00000000    
   1.19818330E+11  -1.78181407E+11   0.00000000    
   1.21550365E+11  -1.76808133E+11   0.00000000    
   1.23270242E+11  -1.75417049E+11   0.00000000    
   1.24977644E+11  -1.74008435E+11   0.00000000    
   1.26672421E+11  -1.72582257E+11   0.00000000    
   1.28354419E+11  -1.71138662E+11   0.00000000    
   1.30023457E+11  -1.69677734E+11   0.00000000    
   1.31679257E+11  -1.68199602E+11   0.00000000    
   1.33321720E+11  -1.66704333E+11   0.00000000    
   1.34950445E+11  -1.65192253E+11   0.00000000    
   1.36565465E+11  -1.63663233E+11   0.00000000    
   1.38166796E+11  -1.62117124E+11   0.00000000    
   1.39753800E+11  -1.60554615E+11   0.00000000    
   1.41326336E+11  -1.58975705E+11   0.00000000    
   1.42884241E+11  -1.57380477E+11   0.00000000    
   1.44427467E+11  -1.55768963E+11   0.00000000    
   1.45955865E+11  -1.54141245E+11   0.00000000    
   1.47469107E+11  -1.52497586E+11   0.00000000    
   1.48967014E+11  -1.50838116E+11   0.00000000    
   1.50449439E+11  -1.49162967E+11   0.00000000    
   1.51916200E+11  -1.47472253E+11   0.00000000    
   1.53367069E+11  -1.45766171E+11   0.00000000    
   1.54801947E+11  -1.44044769E+11   0.00000000    
   1.56220522E+11  -1.42308360E+11   0.00000000    
   1.57622780E+11  -1.40556894E+11   0.00000000    
   1.59008440E+11  -1.38790683E+11   0.00000000    
   1.60377324E+11  -1.37009857E+11   0.00000000    
   1.61729282E+11  -1.35214555E+11   0.00000000    
   1.63064070E+11  -1.33404983E+11   0.00000000    
   1.64381590E+11  -1.31581297E+11   0.00000000    
   1.65681660E+11  -1.29743659E+11   0.00000000    
   1.66964183E+11  -1.27892103E+11   0.00000000    
   1.68228897E+11  -1.26026957E+11   0.00000000    
   1.69475654E+11  -1.24148376E+11   0.00000000    
   1.70704257E+11  -1.22256581E+11   0.00000000    
   1.71914609E+11  -1.20351638E+11   0.00000000    
   1.73106528E+11  -1.18433800E+11   0.00000000    
   1.74279819E+11  -1.16503331E+11   0.00000000    
   1.75434449E+11  -1.14560180E+11   0.00000000    
   1.76570122E+11  -1.12604783E+11   0.00000000    
   1.77686741E+11  -1.10637195E+11   0.00000000    
   1.78784141E+11  -1.08657689E+11   0.00000000    
   1.79862274E+11  -1.06666361E+11   0.00000000    
   1.80920861E+11  -1.04663515E+11   0.00000000    
   1.81959786E+11  -1.02649324E+11   0.00000000    
   1.82978970E+11  -1.00623999E+11   0.00000000    
   1.83978246E+11  -9.85876644E+10   0.00000000    
   1.84957452E+11  -9.65406065E+10   0.00000000    
   1.85916441E+11  -9.44830710E+10   0.00000000    
   1.86855145E+11  -9.24151644E+10   0.00000000    
   1.87773452E+11  -9.03371571E+10   0.00000000    
   1.88671164E+11  -8.82492129E+10   0.00000000    
   1.89548184E+11  -8.61516022E+10   0.00000000    
   1.90404411E+11  -8.40445215E+10   0.00000000    
   1.91239668E+11  -8.19282330E+10   0.00000000    
   1.92053920E+11  -7.98029414E+10   0.00000000    
   1.92846987E+11  -7.76687944E+10   0.00000000    
   1.93618805E+11  -7.55261112E+10   0.00000000    
   1.94369176E+11  -7.33752443E+10   0.00000000    
   1.95098149E+11  -7.12161198E+10   0.00000000    
   1.95805528E+11  -6.90490819E+10   0.00000000    
   1.96491231E+11  -6.68744622E+10   0.00000000    
   1.97155127E+11  -6.46924124E+10   0.00000000    
   1.97797200E+11  -6.25031537E+10   0.00000000    
   1.98417252E+11  -6.03070628E+10   0.00000000    
   1.99015318E+11  -5.81041357E+10   0.00000000    
   1.99591215E+11  -5.58948639E+10   0.00000000    
   2.00144912E+11  -5.36792596E+10   0.00000000    
   2.00676311E+11  -5.14577940E+10   0.00000000    
   2.01185329E+11  -4.92305777E+10   0.00000000    
   2.01671983E+11  -4.69975286E+10   0.00000000    
   2.02136044E+11  -4.47598019E+10   0.00000000    
   2.02577592E+11  -4.25165373E+10   0.00000000    
   2.02996466E+11  -4.02688164E+10   0.00000000    
   2.03392631E+11  -3.80166431E+10   0.00000000    
   2.03766071E+11  -3.57601280E+10   0.00000000    
   2.04116673E+11  -3.34996582E+10   0.00000000    
   2.04444467E+11  -3.12353546E+10   0.00000000    
   2.04749324E+11  -2.89677148E+10   0.00000000    
   2.05031211E+11  -2.66966405E+10   0.00000000    
   2.05290144E+11  -2.44226437E+10   0.00000000    
   2.05526057E+11  -2.21459272E+10   0.00000000    
   2.05738918E+11  -1.98667919E+10   0.00000000    
   2.05928661E+11  -1.75852544E+10   0.00000000    
   2.06095319E+11  -1.53019167E+10   0.00000000    
   2.06238826E+11  -1.30167859E+10   0.00000000    
   2.06359167E+11  -1.07301704E+10   0.00000000    
   2.06456324E+11  -8.44237670E+09   0.00000000    
   2.06530331E+11  -6.15371571E+09   0.00000000    
   2.06581088E+11  -3.86429440E+09   0.00000000    
   2.06608663E+11  -1.57432294E+09   0.00000000    
