   1.49599994E+11   0.00000000       0.00000000    
   1.47078758E+11   2.61695949E+09   0.00000000    
   1.47010093E+11   5.23310541E+09   0.00000000    
   1.46895634E+11   7.84762061E+09   0.00000000    
   1.46735464E+11   1.04596931E+10   0.00000000    
   1.46529599E+11   1.30685112E+10   0.00000000    
   1.46278154E+11   1.56732611E+10   0.00000000    
   1.45981145E+11   1.82731305E+10   0.00000000    
   1.45638736E+11   2.08673178E+10   0.00000000    
   1.45251025E+11   2.34550108E+10   0.00000000    
   1.44818094E+11   2.60354089E+10   0.00000000    
   1.44340124E+11   2.86077030E+10   0.00000000    
   1.43817261E+11   3.11711048E+10   0.00000000    
   1.43249654E+11   3.37248092E+10   0.00000000    
   1.42637498E+11   3.62681836E+10   0.00000000    
   1.41981024E+11   3.88001423E+10   0.00000000    
   1.41280461E+11   4.13200425E+10   0.00000000    
   1.40535972E+11   4.38271058E+10   0.00000000    
   1.39747820E+11   4.63205540E+10   0.00000000    
   1.38916266E+11   4.87996129E+10   0.00000000    
   1.38041606E+11   5.12635290E+10   0.00000000    
   1.37124110E+11   5.37115238E+10   0.00000000    
   1.36164049E+11   5.61428644E+10   0.00000000    
   1.35161766E+11   5.85567887E+10   0.00000000    
   1.34117573E+11   6.09525637E+10   0.00000000    
   1.33031821E+11   6.33294316E+10   0.00000000    
   1.31904840E+11   6.56866959E+10   0.00000000    
   1.30737013E+11   6.80236155E+10   0.00000000    
   1.29528701E+11   7.03394693E+10   0.00000000    
   1.28280330E+11   7.26335488E+10   0.00000000    
   1.26992261E+11   7.49051576E+10   0.00000000    
   1.25664920E+11   7.71536323E+10   0.00000000    
   1.24298732E+11   7.93782354E+10   0.00000000    
   1.22894172E+11   8.15783444E+10   0.00000000    
   1.21451643E+11   8.37532221E+10   0.00000000    
   1.19971660E+11   8.59023032E+10   0.00000000    
   1.18454641E+11   8.80248422E+10   0.00000000    
   1.16901126E+11   9.01202903E+10   0.00000000    
   1.15311575E+11   9.21879429E+10   0.00000000    
   1.13686528E+11   9.42271857E+10   0.00000000    
   1.12026468E+11   9.62374451E+10   0.00000000    
   1.10331945E+11   9.82180987E+10   0.00000000    
   1.08603507E+11   1.00168540E+11   0.00000000    
   1.06841719E+11   1.02088229E+11   0.00000000    
   1.05047097E+11   1.03976550E+11   0.00000000    
   1.03220240E+11   1.05832972E+11   0.00000000    
   1.01361730E+11   1.07656929E+11   0.00000000    
   9.94721382E+10   1.09447881E+11   0.00000000    
   9.75520973E+10   1.11205319E+11   0.00000000    
   9.56021801E+10   1.12928694E+11   0.00000000    
   9.36230175E+10   1.14617549E+11   0.00000000    
   9.16152238E+10   1.16271350E+11   0.00000000    
   8.95794463E+10   1.17889630E+11   0.00000000    
   8.75163156E+10   1.19471899E+11   0.00000000    
   8.54265119E+10   1.21017745E+11   0.00000000    
   8.33106412E+10   1.22526695E+11   0.00000000    
   8.11693834E+10   1.23998314E+11   0.00000000    
   7.90034350E+10   1.25432177E+11   0.00000000    
   7.68134431E+10   1.26827880E+11   0.00000000    
   7.46000794E+10   1.28185057E+11   0.00000000    
   7.23642204E+10   1.29503191E+11   0.00000000    
   7.01062431E+10   1.30782118E+11   0.00000000    
   6.78270321E+10   1.32021363E+11   0.00000000    
   6.55272428E+10   1.33220598E+11   0.00000000    
   6.32075878E+10   1.34379504E+11   0.00000000    
   6.08688374E+10   1.35497753E+11   0.00000000    
   5.85116508E+10   1.36575025E+11   0.00000000    
   5.61368310E+10   1.37611018E+11   0.00000000    
   5.37450414E+10   1.38605494E+11   0.00000000    
   5.13370358E+10   1.39558158E+11   0.00000000    
   4.89135677E+10   1.40468765E+11   0.00000000    
   4.64753582E+10   1.41337051E+11   0.00000000    
   4.40231772E+10   1.42162821E+11   0.00000000    
   4.15577661E+10   1.42945862E+11   0.00000000    
   3.90798746E+10   1.43685943E+11   0.00000000    
   3.65902316E+10   1.44382919E+11   0.00000000    
   3.40896113E+10   1.45036591E+11   0.00000000    
   3.15787776E+10   1.45646797E+11   0.00000000    
   2.90585436E+10   1.46213388E+11   0.00000000    
   2.65295626E+10   1.46736267E+11   0.00000000    
   2.39926641E+10   1.47215286E+11   0.00000000    
   2.14486221E+10   1.47650331E+11   0.00000000    
   1.88981514E+10   1.48041335E+11   0.00000000    
   1.63420488E+10   1.48388184E+11   0.00000000    
   1.37811159E+10   1.48690846E+11   0.00000000    
   1.12160625E+10   1.48949271E+11   0.00000000    
   8.64765542E+09   1.49163393E+11   0.00000000    
   6.07667763E+09   1.49333197E+11   0.00000000    
   3.50391168E+09   1.49458682E+11   0.00000000    
   930105088.       1.49539832E+11   0.00000000    
  -1.64394189E+09   1.49576696E+11   0.00000000    
  -4.21767962E+09   1.49569241E+11   0.00000000    
  -6.78989978E+09   1.49517566E+11   0.00000000    
  -9.36024986E+09   1.49421687E+11   0.00000000    
  -1.19278305E+10   1.49281686E+11   0.00000000    
  -1.44918968E+10   1.49097644E+11   0.00000000    
  -1.70516449E+10   1.48869661E+11   0.00000000    
  -1.96064051E+10   1.48597817E+11   0.00000000    
  -2.21554053E+10   1.48282245E+11   0.00000000    
  -2.46978990E+10   1.47923059E+11   0.00000000    
  -2.72331080E+10   1.47520422E+11   0.00000000    
  -2.97603195E+10   1.47074482E+11   0.00000000    
  -3.22788147E+10   1.46585403E+11   0.00000000    
  -3.47878687E+10   1.46053382E+11   0.00000000    
  -3.72867031E+10   1.45478582E+11   0.00000000    
  -3.97746504E+10   1.44861233E+11   0.00000000    
  -4.22509650E+10   1.44201531E+11   0.00000000    
  -4.47149548E+10   1.43499706E+11   0.00000000    
  -4.71658619E+10   1.42756037E+11   0.00000000    
  -4.96030392E+10   1.41970702E+11   0.00000000    
  -5.20257495E+10   1.41144015E+11   0.00000000    
  -5.44333251E+10   1.40276220E+11   0.00000000    
  -5.68250696E+10   1.39367645E+11   0.00000000    
  -5.92002826E+10   1.38418553E+11   0.00000000    
  -6.15583171E+10   1.37429279E+11   0.00000000    
  -6.38984724E+10   1.36400093E+11   0.00000000    
  -6.62201262E+10   1.35331357E+11   0.00000000    
  -6.85225738E+10   1.34223421E+11   0.00000000    
  -7.08051599E+10   1.33076640E+11   0.00000000    
  -7.30672906E+10   1.31891339E+11   0.00000000    
  -7.53082941E+10   1.30667905E+11   0.00000000    
  -7.75276790E+10   1.29406648E+11   0.00000000    
  -7.97243965E+10   1.28108200E+11   0.00000000    
  -8.18983977E+10   1.26772625E+11   0.00000000    
  -8.40486994E+10   1.25400580E+11   0.00000000    
  -8.61747200E+10   1.23992449E+11   0.00000000    
  -8.82759926E+10   1.22548576E+11   0.00000000    
  -9.03518454E+10   1.21069511E+11   0.00000000    
  -9.24017541E+10   1.19555596E+11   0.00000000    
  -9.44251126E+10   1.18007349E+11   0.00000000    
  -9.64213391E+10   1.16425261E+11   0.00000000    
  -9.83899259E+10   1.14809758E+11   0.00000000    
  -1.00330275E+11   1.13161339E+11   0.00000000    
  -1.02241944E+11   1.11480496E+11   0.00000000    
  -1.04124293E+11   1.09767729E+11   0.00000000    
  -1.05976873E+11   1.08023570E+11   0.00000000    
  -1.07799126E+11   1.06248511E+11   0.00000000    
  -1.09590602E+11   1.04443068E+11   0.00000000    
  -1.11350743E+11   1.02607831E+11   0.00000000    
  -1.13079124E+11   1.00743283E+11   0.00000000    
  -1.14775245E+11   9.88499968E+10   0.00000000    
  -1.16438630E+11   9.69285222E+10   0.00000000    
  -1.18068838E+11   9.49794488E+10   0.00000000    
  -1.19665443E+11   9.30032845E+10   0.00000000    
  -1.21227928E+11   9.10006927E+10   0.00000000    
  -1.22755940E+11   8.89722225E+10   0.00000000    
  -1.24249055E+11   8.69183980E+10   0.00000000    
  -1.25706854E+11   8.48398664E+10   0.00000000    
  -1.27128936E+11   8.27372749E+10   0.00000000    
  -1.28514925E+11   8.06111478E+10   0.00000000    
  -1.29864417E+11   7.84621814E+10   0.00000000    
  -1.31177103E+11   7.62909000E+10   0.00000000    
  -1.32452573E+11   7.40980163E+10   0.00000000    
  -1.33690499E+11   7.18841201E+10   0.00000000    
  -1.34890512E+11   6.96498913E+10   0.00000000    
  -1.36052367E+11   6.73959035E+10   0.00000000    
  -1.37175663E+11   6.51228324E+10   0.00000000    
  -1.38260169E+11   6.28313375E+10   0.00000000    
  -1.39305517E+11   6.05220864E+10   0.00000000    
  -1.40311527E+11   5.81956567E+10   0.00000000    
  -1.41277807E+11   5.58528389E+10   0.00000000    
  -1.42204174E+11   5.34942106E+10   0.00000000    
  -1.43090369E+11   5.11204393E+10   0.00000000    
  -1.43936143E+11   4.87322788E+10   0.00000000    
  -1.44741286E+11   4.63303107E+10   0.00000000    
  -1.45505534E+11   4.39152886E+10   0.00000000    
  -1.46228740E+11   4.14878556E+10   0.00000000    
  -1.46910675E+11   3.90487245E+10   0.00000000    
  -1.47551126E+11   3.65987471E+10   0.00000000    
  -1.48149993E+11   3.41382902E+10   0.00000000    
  -1.48707082E+11   3.16681359E+10   0.00000000    
  -1.49222261E+11   2.91891159E+10   0.00000000    
  -1.49695365E+11   2.67018527E+10   0.00000000    
  -1.50126264E+11   2.42070610E+10   0.00000000    
  -1.50514860E+11   2.17054720E+10   0.00000000    
  -1.50861054E+11   1.91977472E+10   0.00000000    
  -1.51164731E+11   1.66846126E+10   0.00000000    
  -1.51425827E+11   1.41667666E+10   0.00000000    
  -1.51644258E+11   1.16449403E+10   0.00000000    
  -1.51819993E+11   9.11983411E+09   0.00000000    
  -1.51952949E+11   6.59214490E+09   0.00000000    
  -1.52043127E+11   4.06260992E+09   0.00000000    
  -1.52090460E+11   1.53196506E+09   0.00000000    
  -1.52094966E+11  -999161792.       0.00000000    
  -1.52056644E+11  -3.52996173E+09   0.00000000    
  -1.51975494E+11  -6.05980723E+09   0.00000000    
  -1.51851532E+11  -8.58796032E+09   0.00000000    
  -1.51684809E+11  -1.11136512E+10   0.00000000    
  -1.51475356E+11  -1.36362158E+10   0.00000000    
  -1.51223239E+11  -1.61549558E+10   0.00000000    
  -1.50928507E+11  -1.86691707E+10   0.00000000    
  -1.50591275E+11  -2.11780649E+10   0.00000000    
  -1.50211592E+11  -2.36810424E+10   0.00000000    
  -1.49789573E+11  -2.61773046E+10   0.00000000    
  -1.49325332E+11  -2.86662308E+10   0.00000000    
  -1.48819034E+11  -3.11470305E+10   0.00000000    
  -1.48270744E+11  -3.36190751E+10   0.00000000    
  -1.47680641E+11  -3.60816517E+10   0.00000000    
  -1.47048940E+11  -3.85338614E+10   0.00000000    
  -1.46375721E+11  -4.09753723E+10   0.00000000    
  -1.45661198E+11  -4.34053079E+10   0.00000000    
  -1.44905568E+11  -4.58230088E+10   0.00000000    
  -1.44109027E+11  -4.82277786E+10   0.00000000    
  -1.43271772E+11  -5.06189087E+10   0.00000000    
  -1.42394065E+11  -5.29957396E+10   0.00000000    
  -1.41476135E+11  -5.53576407E+10   0.00000000    
  -1.40518228E+11  -5.77038377E+10   0.00000000    
  -1.39520573E+11  -6.00337695E+10   0.00000000    
  -1.38483483E+11  -6.23466865E+10   0.00000000    
  -1.37407201E+11  -6.46419579E+10   0.00000000    
  -1.36292041E+11  -6.69189816E+10   0.00000000    
  -1.35138263E+11  -6.91770737E+10   0.00000000    
  -1.33946262E+11  -7.14154639E+10   0.00000000    
  -1.32716274E+11  -7.36337428E+10   0.00000000    
  -1.31448685E+11  -7.58310994E+10   0.00000000    
  -1.30143814E+11  -7.80069601E+10   0.00000000    
  -1.28802046E+11  -8.01606451E+10   0.00000000    
  -1.27423693E+11  -8.22916465E+10   0.00000000    
  -1.26009197E+11  -8.43992433E+10   0.00000000    
  -1.24558852E+11  -8.64829030E+10   0.00000000    
  -1.23073167E+11  -8.85419459E+10   0.00000000    
  -1.21552462E+11  -9.05758310E+10   0.00000000    
  -1.19997161E+11  -9.25839524E+10   0.00000000    
  -1.18407717E+11  -9.45656955E+10   0.00000000    
  -1.16784554E+11  -9.65205361E+10   0.00000000    
  -1.15128091E+11  -9.84478679E+10   0.00000000    
  -1.13438851E+11  -1.00347126E+11   0.00000000    
  -1.11717245E+11  -1.02217744E+11   0.00000000    
  -1.09963739E+11  -1.04059216E+11   0.00000000    
  -1.08178809E+11  -1.05870967E+11   0.00000000    
  -1.06363003E+11  -1.07652465E+11   0.00000000    
  -1.04516764E+11  -1.09403177E+11   0.00000000    
  -1.02640624E+11  -1.11122596E+11   0.00000000    
  -1.00735107E+11  -1.12810189E+11   0.00000000    
  -9.88007219E+10  -1.14465505E+11   0.00000000    
  -9.68380416E+10  -1.16087964E+11   0.00000000    
  -9.48475658E+10  -1.17677146E+11   0.00000000    
  -9.28298926E+10  -1.19232545E+11   0.00000000    
  -9.07854479E+10  -1.20753783E+11   0.00000000    
  -8.87149527E+10  -1.22240246E+11   0.00000000    
  -8.66189722E+10  -1.23691565E+11   0.00000000    
  -8.44982764E+10  -1.25107143E+11   0.00000000    
  -8.23530537E+10  -1.26486831E+11   0.00000000    
  -8.01839514E+10  -1.27830114E+11   0.00000000    
  -7.79918705E+10  -1.29136468E+11   0.00000000    
  -7.57772943E+10  -1.30405540E+11   0.00000000    
  -7.35408456E+10  -1.31636920E+11   0.00000000    
  -7.12830812E+10  -1.32830306E+11   0.00000000    
  -6.90047386E+10  -1.33985239E+11   0.00000000    
  -6.67063542E+10  -1.35101415E+11   0.00000000    
  -6.43887350E+10  -1.36178418E+11   0.00000000    
  -6.20523889E+10  -1.37215943E+11   0.00000000    
  -5.96980859E+10  -1.38213655E+11   0.00000000    
  -5.73264159E+10  -1.39171234E+11   0.00000000    
  -5.49380792E+10  -1.40088361E+11   0.00000000    
  -5.25337682E+10  -1.40964774E+11   0.00000000    
  -5.01142323E+10  -1.41800112E+11   0.00000000    
  -4.76799877E+10  -1.42594195E+11   0.00000000    
  -4.52319232E+10  -1.43346647E+11   0.00000000    
  -4.27706368E+10  -1.44057303E+11   0.00000000    
  -4.02968904E+10  -1.44725885E+11   0.00000000    
  -3.78113516E+10  -1.45352163E+11   0.00000000    
  -3.53147494E+10  -1.45935925E+11   0.00000000    
  -3.28077947E+10  -1.46476974E+11   0.00000000    
  -3.02911672E+10  -1.46975130E+11   0.00000000    
  -2.77657293E+10  -1.47430146E+11   0.00000000    
  -2.52320870E+10  -1.47841909E+11   0.00000000    
  -2.26911293E+10  -1.48210254E+11   0.00000000    
  -2.01434501E+10  -1.48535017E+11   0.00000000    
  -1.75898747E+10  -1.48816069E+11   0.00000000    
  -1.50310830E+10  -1.49053309E+11   0.00000000    
  -1.24679014E+10  -1.49246624E+11   0.00000000    
  -9.90101094E+09  -1.49395882E+11   0.00000000    
  -7.33110118E+09  -1.49501067E+11   0.00000000    
  -4.75914342E+09  -1.49562049E+11   0.00000000    
  -2.18568602E+09  -1.49578793E+11   0.00000000    
   388294336.      -1.49551268E+11   0.00000000    
   2.96224845E+09  -1.49479440E+11   0.00000000    
   5.53526989E+09  -1.49363294E+11   0.00000000    
   8.10673562E+09  -1.49202813E+11   0.00000000    
   1.06756669E+10  -1.48998013E+11   0.00000000    
   1.32415119E+10  -1.48748927E+11   0.00000000    
   1.58033633E+10  -1.48455571E+11   0.00000000    
   1.83605965E+10  -1.48117996E+11   0.00000000    
   2.09122386E+10  -1.47736297E+11   0.00000000    
   2.34577306E+10  -1.47310510E+11   0.00000000    
   2.59961754E+10  -1.46840748E+11   0.00000000    
   2.85268767E+10  -1.46327093E+11   0.00000000    
   3.10490767E+10  -1.45769677E+11   0.00000000    
   3.35619523E+10  -1.45168646E+11   0.00000000    
   3.60647393E+10  -1.44524116E+11   0.00000000    
   3.85567457E+10  -1.43836234E+11   0.00000000    
   4.10371768E+10  -1.43105212E+11   0.00000000    
   4.35052626E+10  -1.42331216E+11   0.00000000    
   4.59603231E+10  -1.41514408E+11   0.00000000    
   4.84014940E+10  -1.40655051E+11   0.00000000    
   5.08281651E+10  -1.39753341E+11   0.00000000    
   5.32394557E+10  -1.38809524E+11   0.00000000    
   5.56347187E+10  -1.37823846E+11   0.00000000    
   5.80132045E+10  -1.36796537E+11   0.00000000    
   6.03741389E+10  -1.35727915E+11   0.00000000    
   6.27168666E+10  -1.34618259E+11   0.00000000    
   6.50406093E+10  -1.33467898E+11   0.00000000    
   6.73446502E+10  -1.32277109E+11   0.00000000    
   6.96282317E+10  -1.31046277E+11   0.00000000    
   7.18907064E+10  -1.29775690E+11   0.00000000    
   7.41313987E+10  -1.28465715E+11   0.00000000    
   7.63496038E+10  -1.27116698E+11   0.00000000    
   7.85445274E+10  -1.25729079E+11   0.00000000    
   8.07156204E+10  -1.24303204E+11   0.00000000    
   8.28619817E+10  -1.22839597E+11   0.00000000    
   8.49832755E+10  -1.21338429E+11   0.00000000    
   8.70786007E+10  -1.19800349E+11   0.00000000    
   8.91474575E+10  -1.18225666E+11   0.00000000    
   9.11890350E+10  -1.16614922E+11   0.00000000    
   9.32027187E+10  -1.14968609E+11   0.00000000    
   9.51879762E+10  -1.13287086E+11   0.00000000    
   9.71441029E+10  -1.11570919E+11   0.00000000    
   9.90705418E+10  -1.09820576E+11   0.00000000    
   1.00966531E+11  -1.08036678E+11   0.00000000    
   1.02831645E+11  -1.06219610E+11   0.00000000    
   1.04665203E+11  -1.04369988E+11   0.00000000    
   1.06466640E+11  -1.02488359E+11   0.00000000    
   1.08235383E+11  -1.00575248E+11   0.00000000    
   1.09970940E+11  -9.86311721E+10   0.00000000    
   1.11672631E+11  -9.66568509E+10   0.00000000    
   1.13339957E+11  -9.46527928E+10   0.00000000    
   1.14972459E+11  -9.26195384E+10   0.00000000    
   1.16569498E+11  -9.05578660E+10   0.00000000    
   1.18130631E+11  -8.84682260E+10   0.00000000    
   1.19655416E+11  -8.63512658E+10   0.00000000    
   1.21143206E+11  -8.42077635E+10   0.00000000    
   1.22593665E+11  -8.20382433E+10   0.00000000    
   1.24006261E+11  -7.98433935E+10   0.00000000    
   1.25380542E+11  -7.76239350E+10   0.00000000    
   1.26716076E+11  -7.53804411E+10   0.00000000    
   1.28012468E+11  -7.31135754E+10   0.00000000    
   1.29269219E+11  -7.08242145E+10   0.00000000    
   1.30485985E+11  -6.85129073E+10   0.00000000    
   1.31662422E+11  -6.61802639E+10   0.00000000    
   1.32798030E+11  -6.38272430E+10   0.00000000    
   1.33892481E+11  -6.14544630E+10   0.00000000    
   1.34945440E+11  -5.90626447E+10   0.00000000    
   1.35956578E+11  -5.66525051E+10   0.00000000    
   1.36925553E+11  -5.42247404E+10   0.00000000    
   1.37852060E+11  -5.17801615E+10   0.00000000    
   1.38735747E+11  -4.93195510E+10   0.00000000    
   1.39576377E+11  -4.68435763E+10   0.00000000    
   1.40373672E+11  -4.43531264E+10   0.00000000    
   1.41127434E+11  -4.18486682E+10   0.00000000    
   1.41837255E+11  -3.93314836E+10   0.00000000    
   1.42503018E+11  -3.68019988E+10   0.00000000    
   1.43124513E+11  -3.42610452E+10   0.00000000    
   1.43701492E+11  -3.17095076E+10   0.00000000    
   1.44233775E+11  -2.91480863E+10   0.00000000    
   1.44721215E+11  -2.65775534E+10   0.00000000    
   1.45163633E+11  -2.39988183E+10   0.00000000    
   1.45560895E+11  -2.14125896E+10   0.00000000    
   1.45912857E+11  -1.88197069E+10   0.00000000    
   1.46219401E+11  -1.62209516E+10   0.00000000    
   1.46480480E+11  -1.36171100E+10   0.00000000    
   1.46695930E+11  -1.10090988E+10   0.00000000    
   1.46865717E+11  -8.39770573E+09   0.00000000    
   1.46989810E+11  -5.78364570E+09   0.00000000    
   1.47068125E+11  -3.16770432E+09   0.00000000    
   1.47100647E+11  -550740096.       0.00000000    
