   1.43299995E+12   0.00000000       0.00000000    
   1.35200847E+12   8.79968973E+09   0.00000000    
   1.35192707E+12   1.75990272E+10   0.00000000    
   1.35179154E+12   2.63976612E+10   0.00000000    
   1.35160175E+12   3.51952323E+10   0.00000000    
   1.35135783E+12   4.39913882E+10   0.00000000    
   1.35105977E+12   5.27857951E+10   0.00000000    
   1.35070731E+12   6.15780721E+10   0.00000000    
   1.35030112E+12   7.03678956E+10   0.00000000    
   1.34984054E+12   7.91548887E+10   0.00000000    
   1.34932582E+12   8.79387116E+10   0.00000000    
   1.34875723E+12   9.67190036E+10   0.00000000    
   1.34813450E+12   1.05495429E+11   0.00000000    
   1.34745765E+12   1.14267619E+11   0.00000000    
   1.34672679E+12   1.23035230E+11   0.00000000    
   1.34594206E+12   1.31797918E+11   0.00000000    
   1.34510333E+12   1.40555305E+11   0.00000000    
   1.34421099E+12   1.49307097E+11   0.00000000    
   1.34326439E+12   1.58054367E+11   0.00000000    
   1.34226405E+12   1.66793904E+11   0.00000000    
   1.34121010E+12   1.75526773E+11   0.00000000    
   1.34010241E+12   1.84252629E+11   0.00000000    
   1.33894111E+12   1.92971047E+11   0.00000000    
   1.33772607E+12   2.01681781E+11   0.00000000    
   1.33645756E+12   2.10384437E+11   0.00000000    
   1.33513557E+12   2.19078705E+11   0.00000000    
   1.33376023E+12   2.27764158E+11   0.00000000    
   1.33233141E+12   2.36440584E+11   0.00000000    
   1.33084951E+12   2.45107491E+11   0.00000000    
   1.32931427E+12   2.53764583E+11   0.00000000    
   1.32772594E+12   2.62411551E+11   0.00000000    
   1.32608439E+12   2.71048081E+11   0.00000000    
   1.32438989E+12   2.79673700E+11   0.00000000    
   1.32264244E+12   2.88288211E+11   0.00000000    
   1.32084217E+12   2.96891122E+11   0.00000000    
   1.31898933E+12   3.05482236E+11   0.00000000    
   1.31708341E+12   3.14061095E+11   0.00000000    
   1.31512520E+12   3.22627469E+11   0.00000000    
   1.31311469E+12   3.31180999E+11   0.00000000    
   1.31105148E+12   3.39721224E+11   0.00000000    
   1.30893611E+12   3.48247949E+11   0.00000000    
   1.30676844E+12   3.56760781E+11   0.00000000    
   1.30454874E+12   3.65259358E+11   0.00000000    
   1.30227713E+12   3.73743419E+11   0.00000000    
   1.29995348E+12   3.82212604E+11   0.00000000    
   1.29757793E+12   3.90666486E+11   0.00000000    
   1.29515101E+12   3.99104934E+11   0.00000000    
   1.29267243E+12   4.07527358E+11   0.00000000    
   1.29014222E+12   4.15933661E+11   0.00000000    
   1.28756089E+12   4.24323351E+11   0.00000000    
   1.28492831E+12   4.32696197E+11   0.00000000    
   1.28224461E+12   4.41051808E+11   0.00000000    
   1.27951005E+12   4.49389953E+11   0.00000000    
   1.27672438E+12   4.57710109E+11   0.00000000    
   1.27388824E+12   4.66012307E+11   0.00000000    
   1.27100138E+12   4.74295796E+11   0.00000000    
   1.26806419E+12   4.82560508E+11   0.00000000    
   1.26507654E+12   4.90806149E+11   0.00000000    
   1.26203894E+12   4.99032261E+11   0.00000000    
   1.25895102E+12   5.07238613E+11   0.00000000    
   1.25581341E+12   5.15424813E+11   0.00000000    
   1.25262601E+12   5.23590631E+11   0.00000000    
   1.24938892E+12   5.31735806E+11   0.00000000    
   1.24610242E+12   5.39859878E+11   0.00000000    
   1.24276664E+12   5.47962520E+11   0.00000000    
   1.23938170E+12   5.56043469E+11   0.00000000    
   1.23594788E+12   5.64102562E+11   0.00000000    
   1.23246504E+12   5.72139307E+11   0.00000000    
   1.22893356E+12   5.80153377E+11   0.00000000    
   1.22535359E+12   5.88144640E+11   0.00000000    
   1.22172526E+12   5.96112638E+11   0.00000000    
   1.21804869E+12   6.04057174E+11   0.00000000    
   1.21432402E+12   6.11977724E+11   0.00000000    
   1.21055163E+12   6.19874353E+11   0.00000000    
   1.20673154E+12   6.27746406E+11   0.00000000    
   1.20286400E+12   6.35593949E+11   0.00000000    
   1.19894888E+12   6.43416326E+11   0.00000000    
   1.19498670E+12   6.51213406E+11   0.00000000    
   1.19097773E+12   6.58984927E+11   0.00000000    
   1.18692184E+12   6.66730496E+11   0.00000000    
   1.18281929E+12   6.74449916E+11   0.00000000    
   1.17867033E+12   6.82142859E+11   0.00000000    
   1.17447498E+12   6.89809064E+11   0.00000000    
   1.17023362E+12   6.97448137E+11   0.00000000    
   1.16594665E+12   7.05059815E+11   0.00000000    
   1.16161380E+12   7.12644035E+11   0.00000000    
   1.15723547E+12   7.20200401E+11   0.00000000    
   1.15281179E+12   7.27728390E+11   0.00000000    
   1.14834329E+12   7.35228068E+11   0.00000000    
   1.14382969E+12   7.42698910E+11   0.00000000    
   1.13927153E+12   7.50140654E+11   0.00000000    
   1.13466868E+12   7.57553234E+11   0.00000000    
   1.13002178E+12   7.64936126E+11   0.00000000    
   1.12533058E+12   7.72289397E+11   0.00000000    
   1.12059548E+12   7.79612455E+11   0.00000000    
   1.11581712E+12   7.86905235E+11   0.00000000    
   1.11099485E+12   7.94167149E+11   0.00000000    
   1.10612972E+12   8.01398456E+11   0.00000000    
   1.10122146E+12   8.08598438E+11   0.00000000    
   1.09627035E+12   8.15767093E+11   0.00000000    
   1.09127651E+12   8.22903964E+11   0.00000000    
   1.08624052E+12   8.30008918E+11   0.00000000    
   1.08116247E+12   8.37081629E+11   0.00000000    
   1.07604247E+12   8.44121899E+11   0.00000000    
   1.07088059E+12   8.51129598E+11   0.00000000    
   1.06567742E+12   8.58104267E+11   0.00000000    
   1.06043304E+12   8.65045643E+11   0.00000000    
   1.05514756E+12   8.71953662E+11   0.00000000    
   1.04982145E+12   8.78828126E+11   0.00000000    
   1.04445470E+12   8.85668381E+11   0.00000000    
   1.03904759E+12   8.92474556E+11   0.00000000    
   1.03360037E+12   8.99246457E+11   0.00000000    
   1.02811356E+12   9.05983558E+11   0.00000000    
   1.02258691E+12   9.12685859E+11   0.00000000    
   1.01702101E+12   9.19352836E+11   0.00000000    
   1.01141604E+12   9.25984621E+11   0.00000000    
   1.00577214E+12   9.32580819E+11   0.00000000    
   1.00008971E+12   9.39141235E+11   0.00000000    
   9.94368750E+11   9.45665540E+11   0.00000000    
   9.88609708E+11   9.52153539E+11   0.00000000    
   9.82812721E+11   9.58605165E+11   0.00000000    
   9.76978248E+11   9.65019894E+11   0.00000000    
   9.71106353E+11   9.71398054E+11   0.00000000    
   9.65197234E+11   9.77738662E+11   0.00000000    
   9.59251350E+11   9.84042111E+11   0.00000000    
   9.53268765E+11   9.90308008E+11   0.00000000    
   9.47249742E+11   9.96535960E+11   0.00000000    
   9.41194740E+11   1.00272603E+12   0.00000000    
   9.35103824E+11   1.00887796E+12   0.00000000    
   9.28977191E+11   1.01499122E+12   0.00000000    
   9.22815365E+11   1.02106622E+12   0.00000000    
   9.16618215E+11   1.02710208E+12   0.00000000    
   9.10386528E+11   1.03309921E+12   0.00000000    
   9.04120238E+11   1.03905683E+12   0.00000000    
   8.97819607E+11   1.04497532E+12   0.00000000    
   8.91484897E+11   1.05085416E+12   0.00000000    
   8.85116436E+11   1.05669303E+12   0.00000000    
   8.78714749E+11   1.06249211E+12   0.00000000    
   8.72279507E+11   1.06825089E+12   0.00000000    
   8.65811497E+11   1.07396943E+12   0.00000000    
   8.59310719E+11   1.07964734E+12   0.00000000    
   8.52777566E+11   1.08528448E+12   0.00000000    
   8.46212301E+11   1.09088086E+12   0.00000000    
   8.39615054E+11   1.09643609E+12   0.00000000    
   8.32986350E+11   1.10195009E+12   0.00000000    
   8.26326122E+11   1.10742261E+12   0.00000000    
   8.19635159E+11   1.11285345E+12   0.00000000    
   8.12913132E+11   1.11824273E+12   0.00000000    
   8.06160892E+11   1.12358995E+12   0.00000000    
   7.99378244E+11   1.12889509E+12   0.00000000    
   7.92565711E+11   1.13415789E+12   0.00000000    
   7.85723556E+11   1.13937836E+12   0.00000000    
   7.78851910E+11   1.14455622E+12   0.00000000    
   7.71951428E+11   1.14969123E+12   0.00000000    
   7.65021913E+11   1.15478338E+12   0.00000000    
   7.58064153E+11   1.15983267E+12   0.00000000    
   7.51077949E+11   1.16483857E+12   0.00000000    
   7.44063697E+11   1.16980122E+12   0.00000000    
   7.37021854E+11   1.17472035E+12   0.00000000    
   7.29952682E+11   1.17959570E+12   0.00000000    
   7.22856313E+11   1.18442741E+12   0.00000000    
   7.15733336E+11   1.18921481E+12   0.00000000    
   7.08583621E+11   1.19395857E+12   0.00000000    
   7.01407822E+11   1.19865803E+12   0.00000000    
   6.94205940E+11   1.20331318E+12   0.00000000    
   6.86978433E+11   1.20792364E+12   0.00000000    
   6.79725564E+11   1.21248992E+12   0.00000000    
   6.72447594E+11   1.21701099E+12   0.00000000    
   6.65144852E+11   1.22148736E+12   0.00000000    
   6.57817731E+11   1.22591878E+12   0.00000000    
   6.50466165E+11   1.23030510E+12   0.00000000    
   6.43090809E+11   1.23464607E+12   0.00000000    
   6.35691598E+11   1.23894183E+12   0.00000000    
   6.28269777E+11   1.24319197E+12   0.00000000    
   6.20824363E+11   1.24739650E+12   0.00000000    
   6.13356143E+11   1.25155554E+12   0.00000000    
   6.05866951E+11   1.25566779E+12   0.00000000    
   5.98353248E+11   1.25973574E+12   0.00000000    
   5.90819951E+11   1.26375625E+12   0.00000000    
   5.83263977E+11   1.26773127E+12   0.00000000    
   5.75686509E+11   1.27166015E+12   0.00000000    
   5.68088134E+11   1.27554263E+12   0.00000000    
   5.60469246E+11   1.27937859E+12   0.00000000    
   5.52829911E+11   1.28316827E+12   0.00000000    
   5.45170489E+11   1.28691090E+12   0.00000000    
   5.37491341E+11   1.29060726E+12   0.00000000    
   5.29792369E+11   1.29425670E+12   0.00000000    
   5.22074489E+11   1.29785908E+12   0.00000000    
   5.14337833E+11   1.30141454E+12   0.00000000    
   5.06582073E+11   1.30492321E+12   0.00000000    
   4.98808521E+11   1.30838456E+12   0.00000000    
   4.91016749E+11   1.31179846E+12   0.00000000    
   4.83207479E+11   1.31516518E+12   0.00000000    
   4.75380482E+11   1.31848471E+12   0.00000000    
   4.67536642E+11   1.32175652E+12   0.00000000    
   4.59675959E+11   1.32498076E+12   0.00000000    
   4.51798434E+11   1.32815769E+12   0.00000000    
   4.43904983E+11   1.33128690E+12   0.00000000    
   4.35995509E+11   1.33436853E+12   0.00000000    
   4.28070371E+11   1.33740193E+12   0.00000000    
   4.20130193E+11   1.34038775E+12   0.00000000    
   4.12174942E+11   1.34332534E+12   0.00000000    
   4.04204814E+11   1.34621522E+12   0.00000000    
   3.96220367E+11   1.34905712E+12   0.00000000    
   3.88221534E+11   1.35185079E+12   0.00000000    
   3.80209005E+11   1.35459635E+12   0.00000000    
   3.72182974E+11   1.35729368E+12   0.00000000    
   3.64144034E+11   1.35994278E+12   0.00000000    
   3.56091691E+11   1.36254364E+12   0.00000000    
   3.48026995E+11   1.36509614E+12   0.00000000    
   3.39950010E+11   1.36760014E+12   0.00000000    
   3.31860738E+11   1.37005590E+12   0.00000000    
   3.23759768E+11   1.37246304E+12   0.00000000    
   3.15647295E+11   1.37482168E+12   0.00000000    
   3.07523846E+11   1.37713169E+12   0.00000000    
   2.99389649E+11   1.37939347E+12   0.00000000    
   2.91244671E+11   1.38160636E+12   0.00000000    
   2.83089437E+11   1.38377062E+12   0.00000000    
   2.74924339E+11   1.38588638E+12   0.00000000    
   2.66749805E+11   1.38795326E+12   0.00000000    
   2.58565603E+11   1.38997151E+12   0.00000000    
   2.50372391E+11   1.39194112E+12   0.00000000    
   2.42170479E+11   1.39386172E+12   0.00000000    
   2.33960129E+11   1.39573369E+12   0.00000000    
   2.25741292E+11   1.39755677E+12   0.00000000    
   2.17515000E+11   1.39933109E+12   0.00000000    
   2.09280827E+11   1.40105679E+12   0.00000000    
   2.01039430E+11   1.40273346E+12   0.00000000    
   1.92791069E+11   1.40436138E+12   0.00000000    
   1.84536056E+11   1.40594027E+12   0.00000000    
   1.76274506E+11   1.40747040E+12   0.00000000    
   1.68006730E+11   1.40895165E+12   0.00000000    
   1.59733514E+11   1.41038387E+12   0.00000000    
   1.51454335E+11   1.41176747E+12   0.00000000    
   1.43170306E+11   1.41310204E+12   0.00000000    
   1.34881231E+11   1.41438773E+12   0.00000000    
   1.26587380E+11   1.41562479E+12   0.00000000    
   1.18289056E+11   1.41681269E+12   0.00000000    
   1.09986922E+11   1.41795197E+12   0.00000000    
   1.01680718E+11   1.41904223E+12   0.00000000    
   9.33710725E+10   1.42008359E+12   0.00000000    
   8.50583306E+10   1.42107633E+12   0.00000000    
   7.67427297E+10   1.42202018E+12   0.00000000    
   6.84244255E+10   1.42291527E+12   0.00000000    
   6.01038684E+10   1.42376160E+12   0.00000000    
   5.17810135E+10   1.42455918E+12   0.00000000    
   4.34563031E+10   1.42530773E+12   0.00000000    
   3.51305646E+10   1.42600779E+12   0.00000000    
   2.68033925E+10   1.42665921E+12   0.00000000    
   1.84752538E+10   1.42726201E+12   0.00000000    
   1.01479649E+10   1.42781605E+12   0.00000000    
   1.81875392E+09   1.42832134E+12   0.00000000    
  -6.51055872E+09   1.42877839E+12   0.00000000    
  -1.48395162E+10   1.42918681E+12   0.00000000    
  -2.31685100E+10   1.42954673E+12   0.00000000    
  -3.14962309E+10   1.42985816E+12   0.00000000    
  -3.98229012E+10   1.43012096E+12   0.00000000    
  -4.81480663E+10   1.43033565E+12   0.00000000    
  -5.64721213E+10   1.43050185E+12   0.00000000    
  -6.47935795E+10   1.43061968E+12   0.00000000    
  -7.31131822E+10   1.43068928E+12   0.00000000    
  -8.14303150E+10   1.43071078E+12   0.00000000    
  -8.97446871E+10   1.43068404E+12   0.00000000    
  -9.80556513E+10   1.43060907E+12   0.00000000    
  -1.06363634E+11   1.43048612E+12   0.00000000    
  -1.14668175E+11   1.43031507E+12   0.00000000    
  -1.22968818E+11   1.43009605E+12   0.00000000    
  -1.31265102E+11   1.42982919E+12   0.00000000    
  -1.39557110E+11   1.42951435E+12   0.00000000    
  -1.47844514E+11   1.42915181E+12   0.00000000    
  -1.56126577E+11   1.42874155E+12   0.00000000    
  -1.64403839E+11   1.42828346E+12   0.00000000    
  -1.72675334E+11   1.42777778E+12   0.00000000    
  -1.80941177E+11   1.42722466E+12   0.00000000    
  -1.89200843E+11   1.42662395E+12   0.00000000    
  -1.97454430E+11   1.42597580E+12   0.00000000    
  -2.05701349E+11   1.42528034E+12   0.00000000    
  -2.13942977E+11   1.42453742E+12   0.00000000    
  -2.22176133E+11   1.42374732E+12   0.00000000    
  -2.30401999E+11   1.42291016E+12   0.00000000    
  -2.38620197E+11   1.42202582E+12   0.00000000    
  -2.46830498E+11   1.42109455E+12   0.00000000    
  -2.55032607E+11   1.42011636E+12   0.00000000    
  -2.63226458E+11   1.41909138E+12   0.00000000    
  -2.71411560E+11   1.41801947E+12   0.00000000    
  -2.79587684E+11   1.41690090E+12   0.00000000    
  -2.87754715E+11   1.41573580E+12   0.00000000    
  -2.95912014E+11   1.41452417E+12   0.00000000    
  -3.04060236E+11   1.41326601E+12   0.00000000    
  -3.12197644E+11   1.41196145E+12   0.00000000    
  -3.20325386E+11   1.41061063E+12   0.00000000    
  -3.28442380E+11   1.40921379E+12   0.00000000    
  -3.36548495E+11   1.40777082E+12   0.00000000    
  -3.44644125E+11   1.40628171E+12   0.00000000    
  -3.52728187E+11   1.40474686E+12   0.00000000    
  -3.60800748E+11   1.40316613E+12   0.00000000    
  -3.68861512E+11   1.40153966E+12   0.00000000    
  -3.76910414E+11   1.39986744E+12   0.00000000    
  -3.84946995E+11   1.39814974E+12   0.00000000    
  -3.92971289E+11   1.39638682E+12   0.00000000    
  -4.00982344E+11   1.39457842E+12   0.00000000    
  -4.08980685E+11   1.39272493E+12   0.00000000    
  -4.16965984E+11   1.39082596E+12   0.00000000    
  -4.24937390E+11   1.38888230E+12   0.00000000    
  -4.32895033E+11   1.38689354E+12   0.00000000    
  -4.40838947E+11   1.38485996E+12   0.00000000    
  -4.48768508E+11   1.38278194E+12   0.00000000    
  -4.56683717E+11   1.38065884E+12   0.00000000    
  -4.64583950E+11   1.37849170E+12   0.00000000    
  -4.72469340E+11   1.37627999E+12   0.00000000    
  -4.80339853E+11   1.37402411E+12   0.00000000    
  -4.88194572E+11   1.37172392E+12   0.00000000    
  -4.96033858E+11   1.36937970E+12   0.00000000    
  -5.03856988E+11   1.36699170E+12   0.00000000    
  -5.11664062E+11   1.36455979E+12   0.00000000    
  -5.19454491E+11   1.36208423E+12   0.00000000    
  -5.27228862E+11   1.35956503E+12   0.00000000    
  -5.34986162E+11   1.35700257E+12   0.00000000    
  -5.42726324E+11   1.35439660E+12   0.00000000    
  -5.50449054E+11   1.35174750E+12   0.00000000    
  -5.58154514E+11   1.34905515E+12   0.00000000    
  -5.65841887E+11   1.34632007E+12   0.00000000    
  -5.73511565E+11   1.34354200E+12   0.00000000    
  -5.81162631E+11   1.34072146E+12   0.00000000    
  -5.88795544E+11   1.33785820E+12   0.00000000    
  -5.96409844E+11   1.33495233E+12   0.00000000    
  -6.04004942E+11   1.33200439E+12   0.00000000    
  -6.11581297E+11   1.32901398E+12   0.00000000    
  -6.19138122E+11   1.32598150E+12   0.00000000    
  -6.26675024E+11   1.32290747E+12   0.00000000    
  -6.34192265E+11   1.31979149E+12   0.00000000    
  -6.41689584E+11   1.31663384E+12   0.00000000    
  -6.49167176E+11   1.31343424E+12   0.00000000    
  -6.56623796E+11   1.31019388E+12   0.00000000    
  -6.64059838E+11   1.30691183E+12   0.00000000    
  -6.71474778E+11   1.30358903E+12   0.00000000    
  -6.78868681E+11   1.30022493E+12   0.00000000    
  -6.86241350E+11   1.29682034E+12   0.00000000    
  -6.93592850E+11   1.29337472E+12   0.00000000    
  -7.00921938E+11   1.28988886E+12   0.00000000    
  -7.08229464E+11   1.28636237E+12   0.00000000    
  -7.15515101E+11   1.28279550E+12   0.00000000    
  -7.22777735E+11   1.27918893E+12   0.00000000    
  -7.30018087E+11   1.27554211E+12   0.00000000    
  -7.37235960E+11   1.27185545E+12   0.00000000    
  -7.44430633E+11   1.26812907E+12   0.00000000    
  -7.51601779E+11   1.26436337E+12   0.00000000    
  -7.58749790E+11   1.26055835E+12   0.00000000    
  -7.65874012E+11   1.25671401E+12   0.00000000    
  -7.72975034E+11   1.25283048E+12   0.00000000    
  -7.80051087E+11   1.24890815E+12   0.00000000    
  -7.87103416E+11   1.24494689E+12   0.00000000    
  -7.94130055E+11   1.24094802E+12   0.00000000    
  -8.01133363E+11   1.23690982E+12   0.00000000    
  -8.08111571E+11   1.23283335E+12   0.00000000    
  -8.15065399E+11   1.22871887E+12   0.00000000    
  -8.21993603E+11   1.22456611E+12   0.00000000    
  -8.28896444E+11   1.22037574E+12   0.00000000    
  -8.35773465E+11   1.21614788E+12   0.00000000    
  -8.42625384E+11   1.21188201E+12   0.00000000    
  -8.49450762E+11   1.20757931E+12   0.00000000    
  -8.56250188E+11   1.20323912E+12   0.00000000    
  -8.63023137E+11   1.19886198E+12   0.00000000    
  -8.69769740E+11   1.19444799E+12   0.00000000    
  -8.76489605E+11   1.18999718E+12   0.00000000    
  -8.83182666E+11   1.18550993E+12   0.00000000    
  -8.89848201E+11   1.18098664E+12   0.00000000    
  -8.96486932E+11   1.17642677E+12   0.00000000    
  -9.03097745E+11   1.17183113E+12   0.00000000    
  -9.09681361E+11   1.16719931E+12   0.00000000    
  -9.16236993E+11   1.16253196E+12   0.00000000    
  -9.22764378E+11   1.15782910E+12   0.00000000    
  -9.29264108E+11   1.15309072E+12   0.00000000    
  -9.35734936E+11   1.14831747E+12   0.00000000    
  -9.42177911E+11   1.14350896E+12   0.00000000    
  -9.48591591E+11   1.13866585E+12   0.00000000    
  -9.54976698E+11   1.13378774E+12   0.00000000    
  -9.61332445E+11   1.12887556E+12   0.00000000    
  -9.67659553E+11   1.12392851E+12   0.00000000    
  -9.73956514E+11   1.11894803E+12   0.00000000    
  -9.80224180E+11   1.11393296E+12   0.00000000    
  -9.86462552E+11   1.10888419E+12   0.00000000    
  -9.92670515E+11   1.10380201E+12   0.00000000    
  -9.98848135E+11   1.09868673E+12   0.00000000    
  -1.00499633E+12   1.09353756E+12   0.00000000    
  -1.01111366E+12   1.08835570E+12   0.00000000    
  -1.01720051E+12   1.08314067E+12   0.00000000    
  -1.02325649E+12   1.07789320E+12   0.00000000    
  -1.02928194E+12   1.07261284E+12   0.00000000    
  -1.03527619E+12   1.06730029E+12   0.00000000    
  -1.04123905E+12   1.06195570E+12   0.00000000    
  -1.04717078E+12   1.05657886E+12   0.00000000    
  -1.05307098E+12   1.05117050E+12   0.00000000    
  -1.05893927E+12   1.04573036E+12   0.00000000    
  -1.06477584E+12   1.04025889E+12   0.00000000    
  -1.07058030E+12   1.03475610E+12   0.00000000    
  -1.07635291E+12   1.02922204E+12   0.00000000    
  -1.08209301E+12   1.02365744E+12   0.00000000    
  -1.08780054E+12   1.01806224E+12   0.00000000    
  -1.09347583E+12   1.01243598E+12   0.00000000    
  -1.09911822E+12   1.00677983E+12   0.00000000    
  -1.10472751E+12   1.00109373E+12   0.00000000    
  -1.11030410E+12   9.95377086E+11   0.00000000    
  -1.11584739E+12   9.89631087E+11   0.00000000    
  -1.12135727E+12   9.83855530E+11   0.00000000    
  -1.12683398E+12   9.78050220E+11   0.00000000    
  -1.13227661E+12   9.72216271E+11   0.00000000    
  -1.13768556E+12   9.66353289E+11   0.00000000    
  -1.14306096E+12   9.60461210E+11   0.00000000    
  -1.14840188E+12   9.54540753E+11   0.00000000    
  -1.15370885E+12   9.48591919E+11   0.00000000    
  -1.15898175E+12   9.42614643E+11   0.00000000    
  -1.16421978E+12   9.36609513E+11   0.00000000    
  -1.16942347E+12   9.30576400E+11   0.00000000    
  -1.17459242E+12   9.24515762E+11   0.00000000    
  -1.17972638E+12   9.18427795E+11   0.00000000    
  -1.18482561E+12   9.12312435E+11   0.00000000    
  -1.18988957E+12   9.06170073E+11   0.00000000    
  -1.19491815E+12   9.00001038E+11   0.00000000    
  -1.19991173E+12   8.93805003E+11   0.00000000    
  -1.20486966E+12   8.87582622E+11   0.00000000    
  -1.20979181E+12   8.81334288E+11   0.00000000    
  -1.21467804E+12   8.75060003E+11   0.00000000    
  -1.21952888E+12   8.68759372E+11   0.00000000    
  -1.22434355E+12   8.62433247E+11   0.00000000    
  -1.22912191E+12   8.56082088E+11   0.00000000    
  -1.23386436E+12   8.49704911E+11   0.00000000    
  -1.23856998E+12   8.43303420E+11   0.00000000    
  -1.24323942E+12   8.36876829E+11   0.00000000    
  -1.24787202E+12   8.30425596E+11   0.00000000    
  -1.25246833E+12   8.23949853E+11   0.00000000    
  -1.25702767E+12   8.17449861E+11   0.00000000    
  -1.26154978E+12   8.10926342E+11   0.00000000    
  -1.26603506E+12   8.04378182E+11   0.00000000    
  -1.27048312E+12   7.97806821E+11   0.00000000    
  -1.27489383E+12   7.91211999E+11   0.00000000    
  -1.27926744E+12   7.84593846E+11   0.00000000    
  -1.28360317E+12   7.77952952E+11   0.00000000    
  -1.28790141E+12   7.71289121E+11   0.00000000    
  -1.29216204E+12   7.64602352E+11   0.00000000    
  -1.29638439E+12   7.57894152E+11   0.00000000    
  -1.30056913E+12   7.51163146E+11   0.00000000    
  -1.30471598E+12   7.44410186E+11   0.00000000    
  -1.30882470E+12   7.37635205E+11   0.00000000    
  -1.31289488E+12   7.30838991E+11   0.00000000    
  -1.31692678E+12   7.24021608E+11   0.00000000    
  -1.32092029E+12   7.17182730E+11   0.00000000    
  -1.32487538E+12   7.10322881E+11   0.00000000    
  -1.32879155E+12   7.03442715E+11   0.00000000    
  -1.33266905E+12   6.96541839E+11   0.00000000    
  -1.33650802E+12   6.89620255E+11   0.00000000    
  -1.34030767E+12   6.82679140E+11   0.00000000    
  -1.34406839E+12   6.75718038E+11   0.00000000    
  -1.34779018E+12   6.68737274E+11   0.00000000    
  -1.35147251E+12   6.61736980E+11   0.00000000    
  -1.35511553E+12   6.54717288E+11   0.00000000    
  -1.35871948E+12   6.47678394E+11   0.00000000    
  -1.36228372E+12   6.40621281E+11   0.00000000    
  -1.36580851E+12   6.33545032E+11   0.00000000    
  -1.36929332E+12   6.26451087E+11   0.00000000    
  -1.37273868E+12   6.19338334E+11   0.00000000    
  -1.37614406E+12   6.12207755E+11   0.00000000    
  -1.37950960E+12   6.05059547E+11   0.00000000    
  -1.38283503E+12   5.97893644E+11   0.00000000    
  -1.38612074E+12   5.90710243E+11   0.00000000    
  -1.38936595E+12   5.83509934E+11   0.00000000    
  -1.39257119E+12   5.76292651E+11   0.00000000    
  -1.39573579E+12   5.69059246E+11   0.00000000    
  -1.39886015E+12   5.61808605E+11   0.00000000    
  -1.40194401E+12   5.54542039E+11   0.00000000    
  -1.40498751E+12   5.47259154E+11   0.00000000    
  -1.40799024E+12   5.39960738E+11   0.00000000    
  -1.41095220E+12   5.32646756E+11   0.00000000    
  -1.41387353E+12   5.25317505E+11   0.00000000    
  -1.41675410E+12   5.17972689E+11   0.00000000    
  -1.41959365E+12   5.10613127E+11   0.00000000    
  -1.42239216E+12   5.03238918E+11   0.00000000    
  -1.42514979E+12   4.95849996E+11   0.00000000    
  -1.42786626E+12   4.88446984E+11   0.00000000    
  -1.43054143E+12   4.81030046E+11   0.00000000    
  -1.43317559E+12   4.73598460E+11   0.00000000    
  -1.43576832E+12   4.66153767E+11   0.00000000    
  -1.43831977E+12   4.58695574E+11   0.00000000    
  -1.44082967E+12   4.51224175E+11   0.00000000    
  -1.44329815E+12   4.43740062E+11   0.00000000    
  -1.44572508E+12   4.36242842E+11   0.00000000    
  -1.44811033E+12   4.28733071E+11   0.00000000    
  -1.45045416E+12   4.21211079E+11   0.00000000    
  -1.45275591E+12   4.13677289E+11   0.00000000    
  -1.45501625E+12   4.06130688E+11   0.00000000    
  -1.45723464E+12   3.98573306E+11   0.00000000    
  -1.45941109E+12   3.91004127E+11   0.00000000    
  -1.46154547E+12   3.83423971E+11   0.00000000    
  -1.46363816E+12   3.75832281E+11   0.00000000    
  -1.46568865E+12   3.68230007E+11   0.00000000    
  -1.46769707E+12   3.60617411E+11   0.00000000    
  -1.46966341E+12   3.52994329E+11   0.00000000    
  -1.47158768E+12   3.45360761E+11   0.00000000    
  -1.47346948E+12   3.37717920E+11   0.00000000    
  -1.47530921E+12   3.30065019E+11   0.00000000    
  -1.47710634E+12   3.22402648E+11   0.00000000    
  -1.47886139E+12   3.14731102E+11   0.00000000    
  -1.48057398E+12   3.07050578E+11   0.00000000    
  -1.48224410E+12   2.99361010E+11   0.00000000    
  -1.48387188E+12   2.91662954E+11   0.00000000    
  -1.48545693E+12   2.83956675E+11   0.00000000    
  -1.48699965E+12   2.76242465E+11   0.00000000    
  -1.48849951E+12   2.68520079E+11   0.00000000    
  -1.48995690E+12   2.60789912E+11   0.00000000    
  -1.49137156E+12   2.53052518E+11   0.00000000    
  -1.49274362E+12   2.45307408E+11   0.00000000    
  -1.49407282E+12   2.37555581E+11   0.00000000    
  -1.49535942E+12   2.29797233E+11   0.00000000    
  -1.49660316E+12   2.22031954E+11   0.00000000    
  -1.49780392E+12   2.14260318E+11   0.00000000    
  -1.49896207E+12   2.06482604E+11   0.00000000    
  -1.50007736E+12   1.98699024E+11   0.00000000    
  -1.50114953E+12   1.90910202E+11   0.00000000    
  -1.50217871E+12   1.83115284E+11   0.00000000    
  -1.50316528E+12   1.75315272E+11   0.00000000    
  -1.50410861E+12   1.67510049E+11   0.00000000    
  -1.50500907E+12   1.59700566E+11   0.00000000    
  -1.50586655E+12   1.51884939E+11   0.00000000    
  -1.50668090E+12   1.44066265E+11   0.00000000    
  -1.50745213E+12   1.36243380E+11   0.00000000    
  -1.50818023E+12   1.28416874E+11   0.00000000    
  -1.50886547E+12   1.20586650E+11   0.00000000    
  -1.50950733E+12   1.12752583E+11   0.00000000    
  -1.51010620E+12   1.04916017E+11   0.00000000    
  -1.51066195E+12   9.70761257E+10   0.00000000    
  -1.51117444E+12   8.92334981E+10   0.00000000    
  -1.51164394E+12   8.13884047E+10   0.00000000    
  -1.51207005E+12   7.35407063E+10   0.00000000    
  -1.51245305E+12   6.56910418E+10   0.00000000    
  -1.51279292E+12   5.78392924E+10   0.00000000    
  -1.51308953E+12   4.99864166E+10   0.00000000    
  -1.51334289E+12   4.21315994E+10   0.00000000    
  -1.51355326E+12   3.42758011E+10   0.00000000    
  -1.51371999E+12   2.64189133E+10   0.00000000    
  -1.51384372E+12   1.85615442E+10   0.00000000    
  -1.51392433E+12   1.07032269E+10   0.00000000    
  -1.51396142E+12   2.84529152E+09   0.00000000    
  -1.51395566E+12  -5.01417830E+09   0.00000000    
  -1.51390637E+12  -1.28720445E+10   0.00000000    
  -1.51381397E+12  -2.07298642E+10   0.00000000    
  -1.51367844E+12  -2.85870244E+10   0.00000000    
  -1.51349939E+12  -3.64436357E+10   0.00000000    
  -1.51327736E+12  -4.42990920E+10   0.00000000    
  -1.51301194E+12  -5.21534956E+10   0.00000000    
  -1.51270352E+12  -6.00062444E+10   0.00000000    
  -1.51235186E+12  -6.78570926E+10   0.00000000    
  -1.51195694E+12  -7.57064991E+10   0.00000000    
  -1.51151877E+12  -8.35531407E+10   0.00000000    
  -1.51103734E+12  -9.13978409E+10   0.00000000    
  -1.51051292E+12  -9.92396411E+10   0.00000000    
  -1.50994525E+12  -1.07078640E+11   0.00000000    
  -1.50933458E+12  -1.14914959E+11   0.00000000    
  -1.50868066E+12  -1.22747625E+11   0.00000000    
  -1.50798362E+12  -1.30577113E+11   0.00000000    
  -1.50724372E+12  -1.38402447E+11   0.00000000    
  -1.50646030E+12  -1.46225529E+11   0.00000000    
  -1.50563416E+12  -1.54042892E+11   0.00000000    
  -1.50476489E+12  -1.61856061E+11   0.00000000    
  -1.50385249E+12  -1.69664823E+11   0.00000000    
  -1.50289724E+12  -1.77468178E+11   0.00000000    
  -1.50189913E+12  -1.85266618E+11   0.00000000    
  -1.50085789E+12  -1.93059865E+11   0.00000000    
  -1.49977367E+12  -2.00847671E+11   0.00000000    
  -1.49864684E+12  -2.08629481E+11   0.00000000    
  -1.49747689E+12  -2.16405721E+11   0.00000000    
  -1.49626421E+12  -2.24175423E+11   0.00000000    
  -1.49500867E+12  -2.31938720E+11   0.00000000    
  -1.49371041E+12  -2.39695331E+11   0.00000000    
  -1.49236928E+12  -2.47445406E+11   0.00000000    
  -1.49098542E+12  -2.55188287E+11   0.00000000    
  -1.48955896E+12  -2.62923780E+11   0.00000000    
  -1.48808991E+12  -2.70651621E+11   0.00000000    
  -1.48657812E+12  -2.78371926E+11   0.00000000    
  -1.48502387E+12  -2.86084071E+11   0.00000000    
  -1.48342689E+12  -2.93788156E+11   0.00000000    
  -1.48178757E+12  -3.01483983E+11   0.00000000    
  -1.48010566E+12  -3.09170897E+11   0.00000000    
  -1.47838140E+12  -3.16848996E+11   0.00000000    
  -1.47661482E+12  -3.24517757E+11   0.00000000    
  -1.47480576E+12  -3.32177572E+11   0.00000000    
  -1.47295437E+12  -3.39827884E+11   0.00000000    
  -1.47106077E+12  -3.47468366E+11   0.00000000    
  -1.46912510E+12  -3.55098558E+11   0.00000000    
  -1.46714709E+12  -3.62719183E+11   0.00000000    
  -1.46512701E+12  -3.70329289E+11   0.00000000    
  -1.46306499E+12  -3.77928286E+11   0.00000000    
  -1.46096076E+12  -3.85516601E+11   0.00000000    
  -1.45881445E+12  -3.93094038E+11   0.00000000    
  -1.45662647E+12  -4.00660038E+11   0.00000000    
  -1.45439667E+12  -4.08214274E+11   0.00000000    
  -1.45212493E+12  -4.15757304E+11   0.00000000    
  -1.44981151E+12  -4.23288373E+11   0.00000000    
  -1.44745641E+12  -4.30806696E+11   0.00000000    
  -1.44505936E+12  -4.38312927E+11   0.00000000    
  -1.44262103E+12  -4.45806641E+11   0.00000000    
  -1.44014102E+12  -4.53287444E+11   0.00000000    
  -1.43761972E+12  -4.60755206E+11   0.00000000    
  -1.43505687E+12  -4.68209631E+11   0.00000000    
  -1.43245286E+12  -4.75650523E+11   0.00000000    
  -1.42980730E+12  -4.83077915E+11   0.00000000    
  -1.42712085E+12  -4.90490921E+11   0.00000000    
  -1.42439298E+12  -4.97890263E+11   0.00000000    
  -1.42162395E+12  -5.05275449E+11   0.00000000    
  -1.41881416E+12  -5.12645530E+11   0.00000000    
  -1.41596321E+12  -5.20000930E+11   0.00000000    
  -1.41307163E+12  -5.27341421E+11   0.00000000    
  -1.41013916E+12  -5.34666412E+11   0.00000000    
  -1.40716553E+12  -5.41976625E+11   0.00000000    
  -1.40415192E+12  -5.49270258E+11   0.00000000    
  -1.40109716E+12  -5.56548620E+11   0.00000000    
  -1.39800202E+12  -5.63810927E+11   0.00000000    
  -1.39486652E+12  -5.71056849E+11   0.00000000    
  -1.39169065E+12  -5.78285863E+11   0.00000000    
  -1.38847440E+12  -5.85498690E+11   0.00000000    
  -1.38521805E+12  -5.92694149E+11   0.00000000    
  -1.38192159E+12  -5.99872569E+11   0.00000000    
  -1.37858489E+12  -6.07033885E+11   0.00000000    
  -1.37520847E+12  -6.14176981E+11   0.00000000    
  -1.37179195E+12  -6.21302841E+11   0.00000000    
  -1.36833571E+12  -6.28410352E+11   0.00000000    
  -1.36483976E+12  -6.35499708E+11   0.00000000    
  -1.36130422E+12  -6.42570387E+11   0.00000000    
  -1.35772897E+12  -6.49622782E+11   0.00000000    
  -1.35411427E+12  -6.56656171E+11   0.00000000    
  -1.35046038E+12  -6.63670686E+11   0.00000000    
  -1.34676716E+12  -6.70665474E+11   0.00000000    
  -1.34303475E+12  -6.77640929E+11   0.00000000    
  -1.33926316E+12  -6.84596330E+11   0.00000000    
  -1.33545250E+12  -6.91532333E+11   0.00000000    
  -1.33160305E+12  -6.98448085E+11   0.00000000    
  -1.32771480E+12  -7.05343390E+11   0.00000000    
  -1.32378788E+12  -7.12217854E+11   0.00000000    
  -1.31982230E+12  -7.19071805E+11   0.00000000    
  -1.31581805E+12  -7.25904720E+11   0.00000000    
  -1.31177539E+12  -7.32716728E+11   0.00000000    
  -1.30769473E+12  -7.39506717E+11   0.00000000    
  -1.30357579E+12  -7.46275471E+11   0.00000000    
  -1.29941819E+12  -7.53022665E+11   0.00000000    
  -1.29522310E+12  -7.59747641E+11   0.00000000    
  -1.29098999E+12  -7.66450008E+11   0.00000000    
  -1.28671901E+12  -7.73130289E+11   0.00000000    
  -1.28241041E+12  -7.79787829E+11   0.00000000    
  -1.27806420E+12  -7.86422301E+11   0.00000000    
  -1.27368049E+12  -7.93034162E+11   0.00000000    
  -1.26925944E+12  -7.99622562E+11   0.00000000    
  -1.26480115E+12  -8.06187303E+11   0.00000000    
  -1.26030565E+12  -8.12728582E+11   0.00000000    
  -1.25577344E+12  -8.19245548E+11   0.00000000    
  -1.25120374E+12  -8.25739117E+11   0.00000000    
  -1.24659761E+12  -8.32207782E+11   0.00000000    
  -1.24195478E+12  -8.38652527E+11   0.00000000    
  -1.23727498E+12  -8.45072499E+11   0.00000000    
  -1.23255941E+12  -8.51467043E+11   0.00000000    
  -1.22780700E+12  -8.57836814E+11   0.00000000    
  -1.22301855E+12  -8.64181289E+11   0.00000000    
  -1.21819392E+12  -8.70500598E+11   0.00000000    
  -1.21333364E+12  -8.76793561E+11   0.00000000    
  -1.20843718E+12  -8.83061096E+11   0.00000000    
  -1.20350520E+12  -8.89302221E+11   0.00000000    
  -1.19853731E+12  -8.95517393E+11   0.00000000    
  -1.19353429E+12  -9.01705826E+11   0.00000000    
  -1.18849575E+12  -9.07867587E+11   0.00000000    
  -1.18342196E+12  -9.14002739E+11   0.00000000    
  -1.17831329E+12  -9.20110563E+11   0.00000000    
  -1.17316950E+12  -9.26190862E+11   0.00000000    
  -1.16799098E+12  -9.32244029E+11   0.00000000    
  -1.16277785E+12  -9.38269344E+11   0.00000000    
  -1.15753012E+12  -9.44266805E+11   0.00000000    
  -1.15224779E+12  -9.50236283E+11   0.00000000    
  -1.14693138E+12  -9.56177383E+11   0.00000000    
  -1.14158115E+12  -9.62089910E+11   0.00000000    
  -1.13619632E+12  -9.67974257E+11   0.00000000    
  -1.13077807E+12  -9.73828981E+11   0.00000000    
  -1.12532573E+12  -9.79655262E+11   0.00000000    
  -1.11984024E+12  -9.85452118E+11   0.00000000    
  -1.11432106E+12  -9.91219614E+11   0.00000000    
  -1.10876859E+12  -9.96957684E+11   0.00000000    
  -1.10318295E+12  -1.00266574E+12   0.00000000    
  -1.09756442E+12  -1.00834378E+12   0.00000000    
  -1.09191299E+12  -1.01399167E+12   0.00000000    
  -1.08622873E+12  -1.01960922E+12   0.00000000    
  -1.08051248E+12  -1.02519584E+12   0.00000000    
  -1.07476327E+12  -1.03075244E+12   0.00000000    
  -1.06898162E+12  -1.03627791E+12   0.00000000    
  -1.06316831E+12  -1.04177179E+12   0.00000000    
  -1.05732276E+12  -1.04723507E+12   0.00000000    
  -1.05144576E+12  -1.05266617E+12   0.00000000    
  -1.04553670E+12  -1.05806614E+12   0.00000000    
  -1.03959639E+12  -1.06343393E+12   0.00000000    
  -1.03362494E+12  -1.06876967E+12   0.00000000    
  -1.02762224E+12  -1.07407311E+12   0.00000000    
  -1.02158834E+12  -1.07934463E+12   0.00000000    
  -1.01552344E+12  -1.08458331E+12   0.00000000    
  -1.00942820E+12  -1.08978923E+12   0.00000000    
  -1.00330268E+12  -1.09496179E+12   0.00000000    
  -9.97146100E+11  -1.10010171E+12   0.00000000    
  -9.90959960E+11  -1.10520815E+12   0.00000000    
  -9.84743412E+11  -1.11028129E+12   0.00000000    
  -9.78497700E+11  -1.11532022E+12   0.00000000    
  -9.72221121E+11  -1.12032612E+12   0.00000000    
  -9.65916099E+11  -1.12529716E+12   0.00000000    
  -9.59581258E+11  -1.13023477E+12   0.00000000    
  -9.53216926E+11  -1.13513791E+12   0.00000000    
  -9.46824413E+11  -1.14000593E+12   0.00000000    
  -9.40402737E+11  -1.14483947E+12   0.00000000    
  -9.33952225E+11  -1.14963815E+12   0.00000000    
  -9.27473009E+11  -1.15440209E+12   0.00000000    
  -9.20965349E+11  -1.15913091E+12   0.00000000    
  -9.14430362E+11  -1.16382368E+12   0.00000000    
  -9.07867455E+11  -1.16848093E+12   0.00000000    
  -9.01275910E+11  -1.17310305E+12   0.00000000    
  -8.94657298E+11  -1.17768900E+12   0.00000000    
  -8.88011620E+11  -1.18223838E+12   0.00000000    
  -8.81338089E+11  -1.18675210E+12   0.00000000    
  -8.74638017E+11  -1.19122913E+12   0.00000000    
  -8.67910353E+11  -1.19566985E+12   0.00000000    
  -8.61156671E+11  -1.20007361E+12   0.00000000    
  -8.54377628E+11  -1.20443988E+12   0.00000000    
  -8.47569748E+11  -1.20877036E+12   0.00000000    
  -8.40738275E+11  -1.21306218E+12   0.00000000    
  -8.33878491E+11  -1.21731809E+12   0.00000000    
  -8.26995376E+11  -1.22153520E+12   0.00000000    
  -8.20085522E+11  -1.22571509E+12   0.00000000    
  -8.13149782E+11  -1.22985749E+12   0.00000000    
  -8.06189662E+11  -1.23396148E+12   0.00000000    
  -7.99202804E+11  -1.23802826E+12   0.00000000    
  -7.92194318E+11  -1.24205492E+12   0.00000000    
  -7.85159553E+11  -1.24604396E+12   0.00000000    
  -7.78099360E+11  -1.24999513E+12   0.00000000    
  -7.71017015E+11  -1.25390632E+12   0.00000000    
  -7.63910291E+11  -1.25777871E+12   0.00000000    
  -7.56779385E+11  -1.26161230E+12   0.00000000    
  -7.49625082E+11  -1.26540657E+12   0.00000000    
  -7.42447645E+11  -1.26916126E+12   0.00000000    
  -7.35246090E+11  -1.27287689E+12   0.00000000    
  -7.28023040E+11  -1.27655202E+12   0.00000000    
  -7.20775741E+11  -1.28018822E+12   0.00000000    
  -7.13506095E+11  -1.28378418E+12   0.00000000    
  -7.06215150E+11  -1.28733964E+12   0.00000000    
  -6.98901725E+11  -1.29085473E+12   0.00000000    
  -6.91566150E+11  -1.29432971E+12   0.00000000    
  -6.84208554E+11  -1.29776406E+12   0.00000000    
  -6.76830511E+11  -1.30115738E+12   0.00000000    
  -6.69430317E+11  -1.30451020E+12   0.00000000    
  -6.62010135E+11  -1.30782147E+12   0.00000000    
  -6.54568260E+11  -1.31109198E+12   0.00000000    
  -6.47105610E+11  -1.31432147E+12   0.00000000    
  -6.39622971E+11  -1.31750914E+12   0.00000000    
  -6.32119951E+11  -1.32065539E+12   0.00000000    
  -6.24597533E+11  -1.32375983E+12   0.00000000    
  -6.17054470E+11  -1.32682272E+12   0.00000000    
  -6.09492468E+11  -1.32984340E+12   0.00000000    
  -6.01910411E+11  -1.33282215E+12   0.00000000    
  -5.94309874E+11  -1.33575868E+12   0.00000000    
  -5.86690920E+11  -1.33865249E+12   0.00000000    
  -5.79053421E+11  -1.34150396E+12   0.00000000    
  -5.71396719E+11  -1.34431310E+12   0.00000000    
  -5.63722519E+11  -1.34707924E+12   0.00000000    
  -5.56029641E+11  -1.34980252E+12   0.00000000    
  -5.48319068E+11  -1.35248308E+12   0.00000000    
  -5.40591653E+11  -1.35512012E+12   0.00000000    
  -5.32846346E+11  -1.35771429E+12   0.00000000    
  -5.25084754E+11  -1.36026469E+12   0.00000000    
  -5.17306417E+11  -1.36277184E+12   0.00000000    
  -5.09510877E+11  -1.36523534E+12   0.00000000    
  -5.01699117E+11  -1.36765532E+12   0.00000000    
  -4.93872054E+11  -1.37003113E+12   0.00000000    
  -4.86028542E+11  -1.37236303E+12   0.00000000    
  -4.78169563E+11  -1.37465089E+12   0.00000000    
  -4.70294626E+11  -1.37689471E+12   0.00000000    
  -4.62404747E+11  -1.37909423E+12   0.00000000    
  -4.54500778E+11  -1.38124919E+12   0.00000000    
  -4.46581735E+11  -1.38335971E+12   0.00000000    
  -4.38647751E+11  -1.38542580E+12   0.00000000    
  -4.30700462E+11  -1.38744680E+12   0.00000000    
  -4.22738788E+11  -1.38942310E+12   0.00000000    
  -4.14763024E+11  -1.39135458E+12   0.00000000    
  -4.06774743E+11  -1.39324083E+12   0.00000000    
  -3.98772797E+11  -1.39508187E+12   0.00000000    
  -3.90757515E+11  -1.39687795E+12   0.00000000    
  -3.82729880E+11  -1.39862855E+12   0.00000000    
  -3.74690054E+11  -1.40033366E+12   0.00000000    
  -3.66638367E+11  -1.40199304E+12   0.00000000    
  -3.58574359E+11  -1.40360693E+12   0.00000000    
  -3.50498292E+11  -1.40517507E+12   0.00000000    
  -3.42411149E+11  -1.40669734E+12   0.00000000    
  -3.34312505E+11  -1.40817374E+12   0.00000000    
  -3.26203277E+11  -1.40960386E+12   0.00000000    
  -3.18083105E+11  -1.41098824E+12   0.00000000    
  -3.09952905E+11  -1.41232623E+12   0.00000000    
  -3.01812253E+11  -1.41361794E+12   0.00000000    
  -2.93662130E+11  -1.41486326E+12   0.00000000    
  -2.85502013E+11  -1.41606178E+12   0.00000000    
  -2.77331673E+11  -1.41721443E+12   0.00000000    
  -2.69153305E+11  -1.41831989E+12   0.00000000    
  -2.60966564E+11  -1.41937882E+12   0.00000000    
  -2.52769583E+11  -1.42039096E+12   0.00000000    
  -2.44564754E+11  -1.42135630E+12   0.00000000    
  -2.36353044E+11  -1.42227459E+12   0.00000000    
  -2.28133290E+11  -1.42314570E+12   0.00000000    
  -2.19904475E+11  -1.42397014E+12   0.00000000    
  -2.11668206E+11  -1.42474727E+12   0.00000000    
  -2.03426152E+11  -1.42547694E+12   0.00000000    
  -1.95177153E+11  -1.42615930E+12   0.00000000    
  -1.86921583E+11  -1.42679461E+12   0.00000000    
  -1.78660311E+11  -1.42738194E+12   0.00000000    
  -1.70392994E+11  -1.42792209E+12   0.00000000    
  -1.62119188E+11  -1.42841466E+12   0.00000000    
  -1.53841271E+11  -1.42885952E+12   0.00000000    
  -1.45557422E+11  -1.42925667E+12   0.00000000    
  -1.37268642E+11  -1.42960597E+12   0.00000000    
  -1.28975880E+11  -1.42990757E+12   0.00000000    
  -1.20678711E+11  -1.43016133E+12   0.00000000    
  -1.12376766E+11  -1.43036698E+12   0.00000000    
  -1.04071700E+11  -1.43052492E+12   0.00000000    
  -9.57623992E+10  -1.43063463E+12   0.00000000    
  -8.74505257E+10  -1.43069623E+12   0.00000000    
  -7.91349903E+10  -1.43070973E+12   0.00000000    
  -7.08174643E+10  -1.43067500E+12   0.00000000    
  -6.24968458E+10  -1.43059203E+12   0.00000000    
  -5.41748019E+10  -1.43046083E+12   0.00000000    
  -4.58509271E+10  -1.43028126E+12   0.00000000    
  -3.75248282E+10  -1.43005332E+12   0.00000000    
  -2.91981476E+10  -1.42977702E+12   0.00000000    
  -2.08698184E+10  -1.42945223E+12   0.00000000    
  -1.25414881E+10  -1.42907893E+12   0.00000000    
  -4.21140096E+09  -1.42865714E+12   0.00000000    
   4.11743053E+09  -1.42818699E+12   0.00000000    
   1.24467610E+10  -1.42766794E+12   0.00000000    
   2.07735808E+10  -1.42710066E+12   0.00000000    
   2.91016827E+10  -1.42648449E+12   0.00000000    
   3.74280520E+10  -1.42581957E+12   0.00000000    
   4.57544417E+10  -1.42510601E+12   0.00000000    
   5.40778414E+10  -1.42434383E+12   0.00000000    
   6.24000000E+10  -1.42353275E+12   0.00000000    
   7.07206267E+10  -1.42267305E+12   0.00000000    
   7.90380790E+10  -1.42176459E+12   0.00000000    
   8.73527296E+10  -1.42080724E+12   0.00000000    
   9.56642836E+10  -1.41980113E+12   0.00000000    
   1.03973143E+11  -1.41874613E+12   0.00000000    
   1.12278340E+11  -1.41764238E+12   0.00000000    
   1.20579572E+11  -1.41648973E+12   0.00000000    
   1.28876536E+11  -1.41528819E+12   0.00000000    
   1.37168962E+11  -1.41403790E+12   0.00000000    
   1.45456562E+11  -1.41273884E+12   0.00000000    
   1.53739657E+11  -1.41139050E+12   0.00000000    
   1.62017329E+11  -1.40999341E+12   0.00000000    
   1.70289299E+11  -1.40854768E+12   0.00000000    
   1.78555240E+11  -1.40705281E+12   0.00000000    
   1.86814890E+11  -1.40550944E+12   0.00000000    
   1.95067904E+11  -1.40391704E+12   0.00000000    
   2.03314725E+11  -1.40227563E+12   0.00000000    
   2.11554271E+11  -1.40058532E+12   0.00000000    
   2.19786396E+11  -1.39884639E+12   0.00000000    
   2.28010066E+11  -1.39705870E+12   0.00000000    
   2.36226970E+11  -1.39522199E+12   0.00000000    
   2.44434829E+11  -1.39333652E+12   0.00000000    
   2.52634677E+11  -1.39140229E+12   0.00000000    
   2.60825563E+11  -1.38941917E+12   0.00000000    
   2.69006553E+11  -1.38738781E+12   0.00000000    
   2.77179302E+11  -1.38530731E+12   0.00000000    
   2.85340860E+11  -1.38317831E+12   0.00000000    
   2.93493572E+11  -1.38100041E+12   0.00000000    
   3.01635895E+11  -1.37877402E+12   0.00000000    
   3.09766750E+11  -1.37649901E+12   0.00000000    
   3.17887316E+11  -1.37417563E+12   0.00000000    
   3.25996478E+11  -1.37180348E+12   0.00000000    
   3.34094762E+11  -1.36938272E+12   0.00000000    
   3.42180397E+11  -1.36691384E+12   0.00000000    
   3.50253842E+11  -1.36439647E+12   0.00000000    
   3.58315426E+11  -1.36183061E+12   0.00000000    
   3.66364230E+11  -1.35921651E+12   0.00000000    
   3.74399271E+11  -1.35655417E+12   0.00000000    
   3.82422188E+11  -1.35384334E+12   0.00000000    
   3.90430196E+11  -1.35108480E+12   0.00000000    
   3.98425424E+11  -1.34827750E+12   0.00000000    
   4.06405808E+11  -1.34542249E+12   0.00000000    
   4.14372266E+11  -1.34251938E+12   0.00000000    
   4.22323159E+11  -1.33956842E+12   0.00000000    
   4.30258946E+11  -1.33656963E+12   0.00000000    
   4.38179889E+11  -1.33352273E+12   0.00000000    
   4.46085104E+11  -1.33042812E+12   0.00000000    
   4.53973639E+11  -1.32728606E+12   0.00000000    
   4.61847101E+11  -1.32409577E+12   0.00000000    
   4.69703361E+11  -1.32085829E+12   0.00000000    
   4.77542023E+11  -1.31757336E+12   0.00000000    
   4.85364072E+11  -1.31424086E+12   0.00000000    
   4.93168722E+11  -1.31086103E+12   0.00000000    
   5.00955578E+11  -1.30743402E+12   0.00000000    
   5.08724904E+11  -1.30395931E+12   0.00000000    
   5.16474667E+11  -1.30043806E+12   0.00000000    
   5.24206342E+11  -1.29686962E+12   0.00000000    
   5.31919077E+11  -1.29325413E+12   0.00000000    
   5.39612578E+11  -1.28959172E+12   0.00000000    
   5.47285991E+11  -1.28588290E+12   0.00000000    
   5.54940170E+11  -1.28212717E+12   0.00000000    
   5.62573607E+11  -1.27832490E+12   0.00000000    
   5.70187252E+11  -1.27447584E+12   0.00000000    
   5.77780187E+11  -1.27058025E+12   0.00000000    
   5.85350971E+11  -1.26663904E+12   0.00000000    
   5.92901636E+11  -1.26265092E+12   0.00000000    
   6.00429756E+11  -1.25861744E+12   0.00000000    
   6.07936446E+11  -1.25453743E+12   0.00000000    
   6.15421116E+11  -1.25041154E+12   0.00000000    
   6.22880948E+11  -1.24624096E+12   0.00000000    
   6.30321644E+11  -1.24202294E+12   0.00000000    
   6.37737632E+11  -1.23775995E+12   0.00000000    
   6.45130289E+11  -1.23345148E+12   0.00000000    
   6.52497256E+11  -1.22909924E+12   0.00000000    
   6.59841417E+11  -1.22470072E+12   0.00000000    
   6.67162051E+11  -1.22025673E+12   0.00000000    
   6.74458436E+11  -1.21576790E+12   0.00000000    
   6.81730572E+11  -1.21123360E+12   0.00000000    
   6.88974922E+11  -1.20665604E+12   0.00000000    
   6.96195351E+11  -1.20203339E+12   0.00000000    
   7.03389565E+11  -1.19736631E+12   0.00000000    
   7.10558089E+11  -1.19265493E+12   0.00000000    
   7.17700530E+11  -1.18789898E+12   0.00000000    
   7.24816560E+11  -1.18309899E+12   0.00000000    
   7.31905458E+11  -1.17825510E+12   0.00000000    
   7.38966962E+11  -1.17336782E+12   0.00000000    
   7.46000744E+11  -1.16843715E+12   0.00000000    
   7.53007460E+11  -1.16346205E+12   0.00000000    
   7.59986192E+11  -1.15844422E+12   0.00000000    
   7.66935761E+11  -1.15338353E+12   0.00000000    
   7.73857608E+11  -1.14827946E+12   0.00000000    
   7.80749832E+11  -1.14313278E+12   0.00000000    
   7.87613221E+11  -1.13794312E+12   0.00000000    
   7.94447053E+11  -1.13271112E+12   0.00000000    
   8.01251459E+11  -1.12743639E+12   0.00000000    
   8.08025457E+11  -1.12211997E+12   0.00000000    
   8.14769373E+11  -1.11676123E+12   0.00000000    
   8.21482684E+11  -1.11136067E+12   0.00000000    
   8.28165652E+11  -1.10591803E+12   0.00000000    
   8.34816836E+11  -1.10043411E+12   0.00000000    
   8.41437020E+11  -1.09490851E+12   0.00000000    
   8.48025223E+11  -1.08934234E+12   0.00000000    
   8.54581707E+11  -1.08373456E+12   0.00000000    
   8.61105684E+11  -1.07808653E+12   0.00000000    
   8.67597484E+11  -1.07239716E+12   0.00000000    
   8.74056712E+11  -1.06666741E+12   0.00000000    
   8.80481993E+11  -1.06089828E+12   0.00000000    
   8.86875357E+11  -1.05508753E+12   0.00000000    
   8.93233857E+11  -1.04923818E+12   0.00000000    
   8.99559522E+11  -1.04334813E+12   0.00000000    
   9.05850192E+11  -1.03741928E+12   0.00000000    
   9.12107241E+11  -1.03145066E+12   0.00000000    
   9.18329557E+11  -1.02544258E+12   0.00000000    
   9.24516811E+11  -1.01939596E+12   0.00000000    
   9.30669068E+11  -1.01331042E+12   0.00000000    
   9.36785609E+11  -1.00718667E+12   0.00000000    
   9.42866563E+11  -1.00102432E+12   0.00000000    
   9.48911931E+11  -9.94823635E+11   0.00000000    
   9.54920206E+11  -9.88585656E+11   0.00000000    
   9.60892895E+11  -9.82309405E+11   0.00000000    
   9.66828556E+11  -9.75995732E+11   0.00000000    
   9.72727648E+11  -9.69644638E+11   0.00000000    
   9.78589319E+11  -9.63256517E+11   0.00000000    
   9.84413307E+11  -9.56831695E+11   0.00000000    
   9.90199480E+11  -9.50370501E+11   0.00000000    
   9.95947971E+11  -9.43872475E+11   0.00000000    
   1.00165825E+12  -9.37338339E+11   0.00000000    
   1.00733033E+12  -9.30767831E+11   0.00000000    
   1.01296374E+12  -9.24161802E+11   0.00000000    
   1.01855763E+12  -9.17520581E+11   0.00000000    
   1.02411266E+12  -9.10843707E+11   0.00000000    
   1.02962843E+12  -9.04131838E+11   0.00000000    
   1.03510390E+12  -8.97385628E+11   0.00000000    
   1.04054043E+12  -8.90603831E+11   0.00000000    
   1.04593608E+12  -8.83788677E+11   0.00000000    
   1.05129181E+12  -8.76938920E+11   0.00000000    
   1.05660685E+12  -8.70055084E+11   0.00000000    
   1.06188086E+12  -8.63138152E+11   0.00000000    
   1.06711391E+12  -8.56187732E+11   0.00000000    
   1.07230560E+12  -8.49203954E+11   0.00000000    
   1.07745601E+12  -8.42187145E+11   0.00000000    
   1.08256441E+12  -8.35138093E+11   0.00000000    
   1.08763093E+12  -8.28056404E+11   0.00000000    
   1.09265519E+12  -8.20943061E+11   0.00000000    
   1.09763710E+12  -8.13797409E+11   0.00000000    
   1.10257609E+12  -8.06620365E+11   0.00000000    
   1.10747268E+12  -7.99411864E+11   0.00000000    
   1.11232628E+12  -7.92171905E+11   0.00000000    
   1.11713609E+12  -7.84901734E+11   0.00000000    
   1.12190305E+12  -7.77600172E+11   0.00000000    
   1.12662571E+12  -7.70268922E+11   0.00000000    
   1.13130458E+12  -7.62907853E+11   0.00000000    
   1.13593955E+12  -7.55516572E+11   0.00000000    
   1.14052982E+12  -7.48096389E+11   0.00000000    
   1.14507579E+12  -7.40646388E+11   0.00000000    
   1.14957707E+12  -7.33167550E+11   0.00000000    
   1.15403299E+12  -7.25660598E+11   0.00000000    
   1.15844422E+12  -7.18124679E+11   0.00000000    
   1.16281023E+12  -7.10560711E+11   0.00000000    
   1.16713049E+12  -7.02968562E+11   0.00000000    
   1.17140501E+12  -6.95349477E+11   0.00000000    
   1.17563353E+12  -6.87702999E+11   0.00000000    
   1.17981577E+12  -6.80029848E+11   0.00000000    
   1.18395227E+12  -6.72329302E+11   0.00000000    
   1.18804185E+12  -6.64602673E+11   0.00000000    
   1.19208490E+12  -6.56850289E+11   0.00000000    
   1.19608102E+12  -6.49071755E+11   0.00000000    
   1.20003035E+12  -6.41267401E+11   0.00000000    
   1.20393210E+12  -6.33438601E+11   0.00000000    
   1.20778667E+12  -6.25584570E+11   0.00000000    
   1.21159379E+12  -6.17705439E+11   0.00000000    
   1.21535306E+12  -6.09802125E+11   0.00000000    
   1.21906410E+12  -6.01875415E+11   0.00000000    
   1.22272770E+12  -5.93923932E+11   0.00000000    
   1.22634253E+12  -5.85950233E+11   0.00000000    
   1.22990913E+12  -5.77952743E+11   0.00000000    
   1.23342723E+12  -5.69932579E+11   0.00000000    
   1.23689684E+12  -5.61889214E+11   0.00000000    
   1.24031717E+12  -5.53824092E+11   0.00000000    
   1.24368847E+12  -5.45737638E+11   0.00000000    
   1.24701075E+12  -5.37628738E+11   0.00000000    
   1.25028362E+12  -5.29499128E+11   0.00000000    
   1.25350681E+12  -5.21348940E+11   0.00000000    
   1.25668072E+12  -5.13177223E+11   0.00000000    
   1.25980456E+12  -5.04985453E+11   0.00000000    
   1.26287859E+12  -4.96774054E+11   0.00000000    
   1.26590242E+12  -4.88542568E+11   0.00000000    
   1.26887618E+12  -4.80292012E+11   0.00000000    
   1.27179948E+12  -4.72021860E+11   0.00000000    
   1.27467258E+12  -4.63732605E+11   0.00000000    
   1.27749482E+12  -4.55425655E+11   0.00000000    
   1.28026634E+12  -4.47100748E+11   0.00000000    
   1.28298700E+12  -4.38758146E+11   0.00000000    
   1.28565654E+12  -4.30398112E+11   0.00000000    
   1.28827510E+12  -4.22020350E+11   0.00000000    
   1.29084228E+12  -4.13626368E+11   0.00000000    
   1.29335847E+12  -4.05215216E+11   0.00000000    
   1.29582288E+12  -3.96788498E+11   0.00000000    
   1.29823552E+12  -3.88346413E+11   0.00000000    
   1.30059692E+12  -3.79887387E+11   0.00000000    
   1.30290627E+12  -3.71414991E+11   0.00000000    
   1.30516346E+12  -3.62926834E+11   0.00000000    
   1.30736888E+12  -3.54424553E+11   0.00000000    
   1.30952226E+12  -3.45907888E+11   0.00000000    
   1.31162309E+12  -3.37377559E+11   0.00000000    
   1.31367200E+12  -3.28833434E+11   0.00000000    
   1.31566823E+12  -3.20276988E+11   0.00000000    
   1.31761203E+12  -3.11706649E+11   0.00000000    
   1.31950327E+12  -3.03124644E+11   0.00000000    
   1.32134194E+12  -2.94529958E+11   0.00000000    
   1.32312741E+12  -2.85924786E+11   0.00000000    
   1.32486031E+12  -2.77306933E+11   0.00000000    
   1.32654039E+12  -2.68677972E+11   0.00000000    
   1.32816726E+12  -2.60038853E+11   0.00000000    
   1.32974091E+12  -2.51389166E+11   0.00000000    
   1.33126160E+12  -2.42729337E+11   0.00000000    
   1.33272909E+12  -2.34059563E+11   0.00000000    
   1.33414309E+12  -2.25380844E+11   0.00000000    
   1.33550375E+12  -2.16693490E+11   0.00000000    
   1.33681106E+12  -2.07997157E+11   0.00000000    
   1.33806490E+12  -1.99292142E+11   0.00000000    
   1.33926538E+12  -1.90577525E+11   0.00000000    
   1.34041187E+12  -1.81857354E+11   0.00000000    
   1.34150488E+12  -1.73129466E+11   0.00000000    
   1.34254389E+12  -1.64394779E+11   0.00000000    
   1.34352942E+12  -1.55653620E+11   0.00000000    
   1.34446095E+12  -1.46908201E+11   0.00000000    
   1.34533887E+12  -1.38153066E+11   0.00000000    
   1.34616292E+12  -1.29393664E+11   0.00000000    
   1.34693270E+12  -1.20630305E+11   0.00000000    
   1.34764862E+12  -1.11861998E+11   0.00000000    
   1.34831066E+12  -1.03087809E+11   0.00000000    
   1.34891858E+12  -9.43105884E+10   0.00000000    
   1.34947262E+12  -8.55293706E+10   0.00000000    
   1.34997226E+12  -7.67451054E+10   0.00000000    
   1.35041804E+12  -6.79568302E+10   0.00000000    
   1.35080942E+12  -5.91667773E+10   0.00000000    
   1.35114693E+12  -5.03739802E+10   0.00000000    
   1.35143018E+12  -4.15787459E+10   0.00000000    
   1.35165929E+12  -3.27826760E+10   0.00000000    
   1.35183401E+12  -2.39847977E+10   0.00000000    
   1.35195486E+12  -1.51854223E+10   0.00000000    
   1.35202118E+12  -6.38550477E+09   0.00000000    
