   1.08200002E+11   0.00000000       0.00000000    
   1.07432165E+11   3.04629734E+09   0.00000000    
   1.07303526E+11   6.09016320E+09   0.00000000    
   1.07089224E+11   9.12916787E+09   0.00000000    
   1.06789462E+11   1.21608868E+10   0.00000000    
   1.06404463E+11   1.51829002E+10   0.00000000    
   1.05934553E+11   1.81927936E+10   0.00000000    
   1.05380110E+11   2.11881779E+10   0.00000000    
   1.04741585E+11   2.41666478E+10   0.00000000    
   1.04019485E+11   2.71258399E+10   0.00000000    
   1.03214424E+11   3.00633969E+10   0.00000000    
   1.02327042E+11   3.29769738E+10   0.00000000    
   1.01358060E+11   3.58642565E+10   0.00000000    
   1.00308255E+11   3.87229450E+10   0.00000000    
   9.91785042E+10   4.15507620E+10   0.00000000    
   9.79696927E+10   4.43454628E+10   0.00000000    
   9.66828360E+10   4.71048356E+10   0.00000000    
   9.53189499E+10   4.98266849E+10   0.00000000    
   9.38791649E+10   5.25088481E+10   0.00000000    
   9.23646362E+10   5.51491994E+10   0.00000000    
   9.07765842E+10   5.77456620E+10   0.00000000    
   8.91163034E+10   6.02961633E+10   0.00000000    
   8.73851208E+10   6.27987210E+10   0.00000000    
   8.55844700E+10   6.52513280E+10   0.00000000    
   8.37157601E+10   6.76520591E+10   0.00000000    
   8.17805394E+10   6.99990508E+10   0.00000000    
   7.97803479E+10   7.22904187E+10   0.00000000    
   7.77168077E+10   7.45243853E+10   0.00000000    
   7.55915735E+10   7.66991892E+10   0.00000000    
   7.34063493E+10   7.88131512E+10   0.00000000    
   7.11629210E+10   8.08645919E+10   0.00000000    
   6.88630661E+10   8.28519219E+10   0.00000000    
   6.65086403E+10   8.47735931E+10   0.00000000    
   6.41015316E+10   8.66281308E+10   0.00000000    
   6.16436736E+10   8.84140605E+10   0.00000000    
   5.91370199E+10   9.01300142E+10   0.00000000    
   5.65835940E+10   9.17746811E+10   0.00000000    
   5.39854193E+10   9.33467996E+10   0.00000000    
   5.13445765E+10   9.48451410E+10   0.00000000    
   4.86631956E+10   9.62685583E+10   0.00000000    
   4.59433779E+10   9.76159785E+10   0.00000000    
   4.31873106E+10   9.88863857E+10   0.00000000    
   4.03971932E+10   1.00078764E+11   0.00000000    
   3.75752253E+10   1.01192278E+11   0.00000000    
   3.47236475E+10   1.02226059E+11   0.00000000    
   3.18447329E+10   1.03179346E+11   0.00000000    
   2.89407468E+10   1.04051433E+11   0.00000000    
   2.60140073E+10   1.04841675E+11   0.00000000    
   2.30668022E+10   1.05549480E+11   0.00000000    
   2.01014866E+10   1.06174358E+11   0.00000000    
   1.71203727E+10   1.06715857E+11   0.00000000    
   1.41258209E+10   1.07173593E+11   0.00000000    
   1.11201925E+10   1.07547255E+11   0.00000000    
   8.10585344E+09   1.07836604E+11   0.00000000    
   5.08515174E+09   1.08041478E+11   0.00000000    
   2.06046758E+09   1.08161729E+11   0.00000000    
  -965803264.       1.08197306E+11   0.00000000    
  -3.99134362E+09   1.08148261E+11   0.00000000    
  -7.01377382E+09   1.08014666E+11   0.00000000    
  -1.00306944E+10   1.07796668E+11   0.00000000    
  -1.30398126E+10   1.07494490E+11   0.00000000    
  -1.60387420E+10   1.07108418E+11   0.00000000    
  -1.90251561E+10   1.06638795E+11   0.00000000    
  -2.19967406E+10   1.06086023E+11   0.00000000    
  -2.49511854E+10   1.05450611E+11   0.00000000    
  -2.78862008E+10   1.04733057E+11   0.00000000    
  -3.07995054E+10   1.03933993E+11   0.00000000    
  -3.36888484E+10   1.03054082E+11   0.00000000    
  -3.65520282E+10   1.02094037E+11   0.00000000    
  -3.93867633E+10   1.01054669E+11   0.00000000    
  -4.21909258E+10   9.99367967E+10   0.00000000    
  -4.49623286E+10   9.87413545E+10   0.00000000    
  -4.76988580E+10   9.74693089E+10   0.00000000    
  -5.03983841E+10   9.61216758E+10   0.00000000    
  -5.30588754E+10   9.46995036E+10   0.00000000    
  -5.56782264E+10   9.32040049E+10   0.00000000    
  -5.82544671E+10   9.16363346E+10   0.00000000    
  -6.07856558E+10   8.99977052E+10   0.00000000    
  -6.32697815E+10   8.82894766E+10   0.00000000    
  -6.57049928E+10   8.65129841E+10   0.00000000    
  -6.80894505E+10   8.46695956E+10   0.00000000    
  -7.04212582E+10   8.27608351E+10   0.00000000    
  -7.26987080E+10   8.07881441E+10   0.00000000    
  -7.49200425E+10   7.87530793E+10   0.00000000    
  -7.70835579E+10   7.66572626E+10   0.00000000    
  -7.91876157E+10   7.45023406E+10   0.00000000    
  -8.12306432E+10   7.22899599E+10   0.00000000    
  -8.32110510E+10   7.00218573E+10   0.00000000    
  -8.51273728E+10   6.76998062E+10   0.00000000    
  -8.69781176E+10   6.53256335E+10   0.00000000    
  -8.87619092E+10   6.29011415E+10   0.00000000    
  -9.04773796E+10   6.04282757E+10   0.00000000    
  -9.21232343E+10   5.79089039E+10   0.00000000    
  -9.36982446E+10   5.53449759E+10   0.00000000    
  -9.52012063E+10   5.27385068E+10   0.00000000    
  -9.66309888E+10   5.00914872E+10   0.00000000    
  -9.79865027E+10   4.74059899E+10   0.00000000    
  -9.92667320E+10   4.46840545E+10   0.00000000    
  -1.00470710E+11   4.19278275E+10   0.00000000    
  -1.01597544E+11   3.91393608E+10   0.00000000    
  -1.02646366E+11   3.63208540E+10   0.00000000    
  -1.03616389E+11   3.34744556E+10   0.00000000    
  -1.04506884E+11   3.06023834E+10   0.00000000    
  -1.05317188E+11   2.77068268E+10   0.00000000    
  -1.06046669E+11   2.47900099E+10   0.00000000    
  -1.06694820E+11   2.18541568E+10   0.00000000    
  -1.07261108E+11   1.89015695E+10   0.00000000    
  -1.07745133E+11   1.59344753E+10   0.00000000    
  -1.08146524E+11   1.29551268E+10   0.00000000    
  -1.08464980E+11   9.96589158E+09   0.00000000    
  -1.08700271E+11   6.96899021E+09   0.00000000    
  -1.08852199E+11   3.96675046E+09   0.00000000    
  -1.08920668E+11   961429056.       0.00000000    
  -1.08905628E+11  -2.04443187E+09   0.00000000    
  -1.08807078E+11  -5.04901581E+09   0.00000000    
  -1.08625084E+11  -8.04957235E+09   0.00000000    
  -1.08359803E+11  -1.10440038E+10   0.00000000    
  -1.08011438E+11  -1.40299315E+10   0.00000000    
  -1.07580236E+11  -1.70051359E+10   0.00000000    
  -1.07066515E+11  -1.99672525E+10   0.00000000    
  -1.06470679E+11  -2.29140828E+10   0.00000000    
  -1.05793167E+11  -2.58433085E+10   0.00000000    
  -1.05034490E+11  -2.87527260E+10   0.00000000    
  -1.04195219E+11  -3.16400988E+10   0.00000000    
  -1.03275995E+11  -3.45031803E+10   0.00000000    
  -1.02277489E+11  -3.73397504E+10   0.00000000    
  -1.01200462E+11  -4.01476936E+10   0.00000000    
  -1.00045742E+11  -4.29247857E+10   0.00000000    
  -9.88141732E+10  -4.56689009E+10   0.00000000    
  -9.75067054E+10  -4.83779420E+10   0.00000000    
  -9.61243054E+10  -5.10498284E+10   0.00000000    
  -9.46680218E+10  -5.36824668E+10   0.00000000    
  -9.31389768E+10  -5.62738299E+10   0.00000000    
  -9.15382927E+10  -5.88219351E+10   0.00000000    
  -8.98671985E+10  -6.13247877E+10   0.00000000    
  -8.81269637E+10  -6.37804421E+10   0.00000000    
  -8.63188992E+10  -6.61869937E+10   0.00000000    
  -8.44443648E+10  -6.85425951E+10   0.00000000    
  -8.25047695E+10  -7.08454236E+10   0.00000000    
  -8.05016289E+10  -7.30936361E+10   0.00000000    
  -7.84364257E+10  -7.52855204E+10   0.00000000    
  -7.63107410E+10  -7.74193725E+10   0.00000000    
  -7.41262049E+10  -7.94934641E+10   0.00000000    
  -7.18844805E+10  -8.15062057E+10   0.00000000    
  -6.95872389E+10  -8.34560328E+10   0.00000000    
  -6.72362742E+10  -8.53413970E+10   0.00000000    
  -6.48333599E+10  -8.71608238E+10   0.00000000    
  -6.23803023E+10  -8.89128878E+10   0.00000000    
  -5.98789898E+10  -9.05961882E+10   0.00000000    
  -5.73314007E+10  -9.22093732E+10   0.00000000    
  -5.47394478E+10  -9.37511485E+10   0.00000000    
  -5.21051013E+10  -9.52203428E+10   0.00000000    
  -4.94302863E+10  -9.66157926E+10   0.00000000    
  -4.67172188E+10  -9.79363103E+10   0.00000000    
  -4.39678525E+10  -9.91808881E+10   0.00000000    
  -4.11844608E+10  -1.00348469E+11   0.00000000    
  -3.83690547E+10  -1.01438153E+11   0.00000000    
  -3.55238134E+10  -1.02449046E+11   0.00000000    
  -3.26509937E+10  -1.03380312E+11   0.00000000    
  -2.97528259E+10  -1.04231158E+11   0.00000000    
  -2.68314604E+10  -1.05000935E+11   0.00000000    
  -2.38891663E+10  -1.05688965E+11   0.00000000    
  -2.09283318E+10  -1.06294665E+11   0.00000000    
  -1.79511603E+10  -1.06817528E+11   0.00000000    
  -1.49600256E+10  -1.07257102E+11   0.00000000    
  -1.19571538E+10  -1.07612996E+11   0.00000000    
  -8.94498918E+09  -1.07884888E+11   0.00000000    
  -5.92583014E+09  -1.08072501E+11   0.00000000    
  -2.90214067E+09  -1.08175671E+11   0.00000000    
   124077784.      -1.08194243E+11   0.00000000    
   3.14994150E+09  -1.08128166E+11   0.00000000    
   6.17349427E+09  -1.07977449E+11   0.00000000    
   9.19211008E+09  -1.07742151E+11   0.00000000    
   1.22035753E+10  -1.07422417E+11   0.00000000    
   1.52054272E+10  -1.07018453E+11   0.00000000    
   1.81954068E+10  -1.06530513E+11   0.00000000    
   2.11710648E+10  -1.05958957E+11   0.00000000    
   2.41301115E+10  -1.05304162E+11   0.00000000    
   2.70702203E+10  -1.04566620E+11   0.00000000    
   2.99889725E+10  -1.03746871E+11   0.00000000    
   3.28841687E+10  -1.02845481E+11   0.00000000    
   3.57535212E+10  -1.01863121E+11   0.00000000    
   3.85946747E+10  -1.00800553E+11   0.00000000    
   4.14053827E+10  -9.96585718E+10   0.00000000    
   4.41835192E+10  -9.84379720E+10   0.00000000    
   4.69267005E+10  -9.71397857E+10   0.00000000    
   4.96329400E+10  -9.57648896E+10   0.00000000    
   5.22999521E+10  -9.43143813E+10   0.00000000    
   5.49256315E+10  -9.27893750E+10   0.00000000    
   5.75079342E+10  -9.11910011E+10   0.00000000    
   6.00447631E+10  -8.95205212E+10   0.00000000    
   6.25340334E+10  -8.77792461E+10   0.00000000    
   6.49738404E+10  -8.59684700E+10   0.00000000    
   6.73622016E+10  -8.40896184E+10   0.00000000    
   6.96971919E+10  -8.21441495E+10   0.00000000    
   7.19769272E+10  -8.01335788E+10   0.00000000    
   7.41995807E+10  -7.80594790E+10   0.00000000    
   7.63634319E+10  -7.59233987E+10   0.00000000    
   7.84666296E+10  -7.37271316E+10   0.00000000    
   8.05075681E+10  -7.14723164E+10   0.00000000    
   8.24845189E+10  -6.91607552E+10   0.00000000    
   8.43959747E+10  -6.67942339E+10   0.00000000    
   8.62403297E+10  -6.43746611E+10   0.00000000    
   8.80161587E+10  -6.19038310E+10   0.00000000    
   8.97219707E+10  -5.93838162E+10   0.00000000    
   9.13563976E+10  -5.68165663E+10   0.00000000    
   9.29181286E+10  -5.42040965E+10   0.00000000    
   9.44059105E+10  -5.15484467E+10   0.00000000    
   9.58184980E+10  -4.88517796E+10   0.00000000    
   9.71547771E+10  -4.61162209E+10   0.00000000    
   9.84136581E+10  -4.33438966E+10   0.00000000    
   9.95941253E+10  -4.05370388E+10   0.00000000    
   1.00695212E+11  -3.76978432E+10   0.00000000    
   1.01716025E+11  -3.48286444E+10   0.00000000    
   1.02655730E+11  -3.19316808E+10   0.00000000    
   1.03513580E+11  -2.90091868E+10   0.00000000    
   1.04288846E+11  -2.60636590E+10   0.00000000    
   1.04980947E+11  -2.30972129E+10   0.00000000    
   1.05589277E+11  -2.01124270E+10   0.00000000    
   1.06113352E+11  -1.71116032E+10   0.00000000    
   1.06552754E+11  -1.40971059E+10   0.00000000    
   1.06907107E+11  -1.10713528E+10   0.00000000    
   1.07176165E+11  -8.03672986E+09   0.00000000    
   1.07359666E+11  -4.99572685E+09   0.00000000    
   1.07457479E+11  -1.95063526E+09   0.00000000    
